50	50	50	50	50	50	50	50	50	50	50	50	50	50	50	50	50	50	50	50	50	50	50	50	50	50	50	50	50	50	50	50	50	50	50	50	50	50	50	50	50	50	50	50	50	50	50	50	50	50	50	50	50	50	50	48.72	45.8485	43.5888	42.7355	43.5888	45.8485	48.72	50	50	50	50	50	50	50	50	50	50	45.5054	42.0265	40.0498	39.4088	40.0498	42.0265	45.5054	49.9999	49.9999	49.9999	49.9999	49.9999	50	50	50	50	50	50	49.9999	49.9999	49.9999	49.9999	49.9999	49.9999	49.9999	50	50	50	50	50	50	50	50	50	50	50	50	50	50	50	50	50	50	50	50	50	50	50	50	50	50	50	50	50	50	50	
50	50	50	50	50	50	50	50	50	50	50	50	50	50	50	50	50	50	50	50	50	50	50	50	50	50	50	50	50	50	50	50	50	50	50	50	50	50	50	50	50	50	50	50	50	50	50	50	50	50	50	50	50	50	50	50	48.72	47.1211	46.5069	47.1211	48.72	50	50	50	50	50	50	50	50	50	50	50	44.7907	41.3586	39.4088	38.7765	39.4088	41.3586	44.7907	49.9999	49.9999	49.9999	49.9999	49.9999	50	50	50	50	50	50	49.9999	49.9999	49.9999	49.9999	49.9999	49.9999	49.9999	50	50	50	50	50	50	50	50	50	50	50	50	50	50	50	50	50	50	50	50	50	50	50	50	50	50	50	50	50	50	50	
50	50	50	50	50	50	50	50	50	50	50	50	50	50	50	50	50	50	50	50	50	50	50	50	50	50	50	50	50	50	50	50	50	50	50	50	50	50	50	50	50	50	50	50	50	50	50	50	50	50	50	50	50	50	50	50	50	50	50	50	50	50	50	50	50	50	50	50	50	50	50	50	41.4917	34.7946	32.0723	32.6072	36.4935	42.0265	45.5054	49.9999	49.9999	49.9999	49.9999	49.9999	49.9999	50	50	50	50	50	49.9999	49.9999	49.9999	49.9999	49.9999	49.9999	49.9999	50	50	50	50	50	50	50	50	50	50	50	50	50	50	50	50	50	50	50	50	50	50	50	50	50	50	50	50	50	50	50	
50	50	50	50	50	50	50	50	50	50	50	50	50	50	50	50	50	50	50	50	50	50	50	50	50	50	50	50	50	50	50	50	50	50	50	50	50	50	50	50	50	50	50	50	50	50	50	50	50	50	50	50	50	50	50	50	50	50	50	50	50	40.971	33.1244	30.7685	33.1244	40.971	50	50	50	50	50	45.6133	37.0427	30.9015	25.1322	22.2677	24.0252	31.5967	42.8874	49.9999	49.9998	49.9998	49.9998	49.9999	49.9999	50	50	50	50	50	50	49.9999	49.9999	49.9999	49.9999	49.9999	50	50	50	50	50	50	50	50	50	50	50	50	50	50	50	50	50	50	50	50	50	50	50	50	50	50	50	50	50	50	50	50	
50	50	50	50	50	50	50	50	50	50	50	50	50	50	50	50	50	50	50	50	50	50	50	50	50	50	50	50	50	50	50	50	50	50	50	50	50	50	50	50	50	50	50	50	50	50	50	50	50	50	50	50	50	50	50	50	50	50	50	50	40.971	28.5397	22.5883	20.8387	22.5883	28.5397	40.971	50	50	50	50	41.4703	35.1272	26.623	19.0073	16.3136	17.541	23.6936	36.1793	44.9612	49.9998	49.9998	49.9998	49.9999	49.9999	50	50	50	50	50	50	50	50	50	50	50	50	50	50	50	50	50	50	50	50	50	50	50	50	50	50	50	50	50	50	50	50	50	50	50	50	50	50	50	50	50	50	50	
50	50	50	50	50	50	50	50	50	50	50	50	50	50	50	50	50	50	50	50	50	50	50	50	50	50	50	50	50	50	50	50	50	50	50	50	50	50	50	50	50	50	50	50	50	50	50	50	50	50	50	50	50	50	50	50	50	50	50	50	33.1244	22.5883	17.6678	16.2381	17.6678	22.5883	33.1244	50	50	50	50	40.1449	33.9441	23.3132	16.891	14.4745	15.2684	19.901	30.9451	39.7152	49.9998	49.9998	49.9998	49.9999	49.9999	50	50	50	50	50	50	50	50	50	50	50	50	50	50	50	50	50	50	50	50	50	50	50	50	50	50	50	50	50	50	50	50	50	50	50	50	50	50	50	50	50	50	50	
50	50	50	50	50	50	50	50	50	50	50	50	50	50	50	50	50	50	50	50	50	50	50	50	50	50	50	50	50	50	50	50	50	50	50	50	50	50	50	50	50	50	50	50	50	50	50	50	50	50	50	50	50	50	50	50	50	50	50	50	30.7685	20.8387	16.2381	14.9064	16.2381	20.8387	30.7685	50	50	50	50	41.4703	35.1272	22.9845	16.5091	14.0775	14.8296	19.3726	29.2448	37.947	49.9999	49.9999	49.9999	49.9999	49.9999	50	50	50	50	50	50	50	50	50	50	50	50	50	50	50	50	50	50	50	50	50	50	50	50	50	50	50	50	50	50	50	50	50	50	50	50	50	50	50	50	50	50	50	
50	50	50	50	50	50	50	50	50	50	50	50	50	50	50	50	50	50	50	50	50	50	50	50	50	50	50	50	50	50	50	50	50	50	50	50	50	50	50	50	50	50	50	50	50	50	50	50	50	50	50	50	50	50	50	50	50	50	50	50	33.1244	22.5883	17.6678	16.2381	17.6678	22.5883	33.1244	50	50	50	50	45.6133	38.8478	27.0598	19.7799	17.0047	17.9117	23.196	30.9452	39.7154	49.9999	49.9999	49.9999	49.9999	50	50	50	50	50	50	50	50	50	50	50	50	50	50	50	50	50	50	50	50	50	50	50	50	50	50	50	50	50	50	50	50	50	50	50	50	50	50	50	50	50	50	50	50	
50	50	50	50	50	50	50	50	50	50	50	50	50	50	50	50	50	50	50	50	50	50	50	50	50	50	50	50	50	50	50	50	50	50	50	50	50	50	50	50	50	50	50	50	50	50	50	50	50	50	50	50	50	50	50	50	50	50	50	50	40.971	28.5397	22.5883	20.8387	22.5883	28.5397	40.971	50	50	50	50	50	45.6133	36.9738	28.2813	24.8682	26.215	30.9452	36.1794	44.9613	50	50	50	50	50	50	50	50	50	50	50	50	50	50	50	50	50	50	50	50	50	50	50	50	50	50	50	50	50	50	50	50	50	50	50	50	50	50	50	50	50	50	50	50	50	50	50	50	
50	50	50	50	50	50	50	50	50	50	50	50	50	50	50	50	50	50	50	50	50	50	50	50	50	50	50	50	50	50	50	50	50	50	50	50	50	50	50	50	50	50	50	50	50	50	50	50	50	50	50	50	50	50	50	50	50	50	50	50	50	40.971	33.1244	30.7685	33.1244	40.971	50	50	50	50	48.2146	46.0366	45.215	46.0366	42.9957	39.7154	37.9471	39.7154	44.9613	50	50	50	50	50	50	50	50	50	49.9999	49.9999	49.9999	49.9999	49.9999	50	50	50	50	50	50	50	50	50	50	50	50	50	50	50	50	50	50	50	50	50	50	50	50	50	50	50	50	50	50	50	50	50	50	50	
50	50	50	50	50	50	50	50	50	50	50	50	50	50	50	50	50	50	50	50	50	50	50	50	50	50	50	50	50	50	50	50	50	50	50	50	50	50	50	50	50	50	50	50	50	50	50	50	50	50	50	50	50	50	50	50	50	50	50	50	50	50	50	50	50	50	50	50	50	48.2146	44.3432	41.4201	40.3431	41.4201	43.2886	46.5677	48.4322	48.7164	49.4388	50	50	50	50	50	50	50	50	49.9999	49.9999	49.9999	49.9999	49.9999	49.9999	49.9999	50	50	50	50	50	50	50	50	50	50	50	50	50	50	50	50	50	50	50	50	50	50	50	50	50	50	50	50	50	50	50	50	50	50	
50	50	50	50	50	50	50	50	50	50	50	50	50	50	50	50	50	50	50	50	50	50	50	50	50	50	50	50	50	50	50	50	50	50	50	50	50	50	50	50	50	50	50	50	50	50	50	50	50	50	50	50	50	50	50	50	50	50	50	50	50	50	50	50	50	50	50	50	50	46.0366	41.4201	38.0413	36.8207	36.5559	37.3602	41.3782	46.5987	47.0275	48.1233	49.4388	50	50	50	50	50	50	50	49.9999	49.9999	49.9999	49.9999	49.9999	49.9999	49.9999	50	50	50	50	50	50	50	50	50	50	50	50	50	50	50	50	50	50	50	50	50	50	50	50	50	50	50	50	50	50	50	50	50	50	
50	50	50	50	50	50	50	50	50	50	50	50	50	50	50	50	50	50	50	50	50	50	50	50	50	50	50	50	50	50	50	50	50	50	50	50	50	50	50	50	50	50	50	50	50	50	50	50	50	50	50	50	50	50	50	50	50	50	50	50	50	50	50	50	50	50	50	50	49.9777	45.1347	40.2128	36.6916	35.4914	33.4186	33.8668	38.1009	45.0886	45.6316	47.0275	48.7164	50	50	50	50	50	50	50	49.9999	49.9999	49.9999	49.9999	49.9999	49.9999	49.9999	50	50	50	50	50	50	50	50	50	50	50	50	50	50	50	50	50	50	50	50	50	50	50	50	50	50	50	50	50	50	50	50	50	50	
50	50	50	50	50	50	50	50	50	50	50	50	50	50	50	50	50	50	50	50	50	50	50	50	50	50	50	50	50	50	50	50	50	50	50	50	50	50	50	50	50	50	50	50	50	50	50	50	50	50	50	50	50	50	50	50	50	50	50	50	50	50	50	50	50	50	50	49.9777	49.9389	45.8961	40.8736	36.964	35.6083	32.6748	33.6923	38.5661	44.503	45.0886	46.5987	48.4322	50	50	50	50	50	50	50	49.9999	49.9999	49.9999	49.9999	49.9999	49.9999	49.9999	50	50	50	50	50	50	50	50	50	50	50	50	50	50	50	50	50	50	50	50	50	50	50	50	50	50	50	50	50	50	50	50	50	50	
50	50	50	50	50	50	50	50	50	50	50	50	50	50	50	50	50	50	50	50	50	50	50	50	50	50	50	50	50	50	50	50	50	50	50	50	50	50	50	50	50	50	50	50	50	50	50	50	50	50	50	50	50	50	50	50	50	50	50	50	50	50	50	50	50	50	50	49.8807	49.7354	47.5163	42.6039	39.1473	38.2486	35.9797	37.1399	42.1363	45.0886	45.6316	47.0275	48.7164	50	50	50	50	50	50	50	49.9999	49.9999	49.9999	49.9999	49.9999	49.9999	49.9999	49.9999	49.9999	50	50	50	50	50	50	50	50	50	50	50	50	50	50	50	50	50	50	50	50	50	50	50	50	50	50	50	50	50	50	50	50	
50	50	50	50	50	50	50	50	50	50	50	50	50	50	50	50	50	50	50	50	50	50	50	50	50	50	50	50	50	50	50	50	50	50	50	50	50	50	50	50	50	50	50	50	50	50	50	50	50	50	50	50	50	50	50	50	50	50	50	50	50	50	50	50	50	50	49.93	49.6922	49.4763	48.7523	45.8141	42.9319	42.6782	42.9435	44.0876	46.1943	46.5987	47.0275	48.1233	49.4388	50	50	50	50	50	50	50	49.9999	49.9999	49.9999	49.9999	49.9999	49.9999	49.9999	49.9999	49.9999	49.9999	50	50	50	50	50	50	50	50	50	50	50	50	50	50	50	50	50	50	50	50	50	50	50	50	50	50	50	50	50	50	50	
50	50	50	50	50	50	50	50	50	50	50	50	50	50	50	50	50	50	50	50	50	50	50	50	50	50	50	50	50	50	50	50	50	50	50	50	50	50	50	50	50	50	50	50	50	50	50	50	50	50	50	50	50	50	50	50	50	50	50	50	50	50	50	50	50	50	49.8382	49.548	49.274	48.2369	47.4392	47.3991	48.0668	48.8773	48.4646	48.0856	48.4322	48.7164	49.4388	50	50	50	50	50	50	50	50	49.9999	49.9999	49.9999	49.9999	49.9999	49.9999	49.9999	49.9999	49.9999	49.9999	50	50	50	50	50	50	50	50	50	50	50	50	50	50	50	50	50	50	50	50	50	50	50	50	50	50	50	50	50	50	50	
50	50	50	50	50	50	50	50	50	50	50	50	50	50	50	50	50	50	50	50	50	50	50	50	50	50	50	50	50	50	50	50	50	50	50	50	50	50	50	50	50	50	50	50	50	50	50	50	50	50	50	50	50	50	50	50	50	50	50	50	50	50	50	50	50	50	49.8016	49.5219	49.2318	48.3135	47.542	47.5174	48.1827	49.0382	49.3626	49.7126	50	50	50	50	50	50	50	50	50	50	50	49.9999	49.9999	49.9999	49.9999	49.9999	49.9999	49.9999	49.9999	49.9999	49.9999	50	50	50	50	50	50	50	50	50	50	50	50	50	50	50	50	50	50	50	50	50	50	50	50	50	50	50	50	50	50	50	
50	50	50	50	50	50	50	50	50	50	50	50	50	50	50	50	50	50	50	50	50	50	50	50	50	50	50	50	50	50	50	50	50	50	50	50	50	50	50	50	50	50	50	50	50	50	50	50	50	50	50	50	50	50	50	50	50	50	50	50	50	50	50	50	50	50	49.8382	49.6152	49.3826	48.9493	48.3851	48.3543	48.822	49.3626	49.5871	49.8711	50	50	50	50	50	50	50	50	50	50	50	49.9999	49.9999	49.9999	49.9999	49.9999	49.9999	49.9999	49.9999	49.9999	49.9999	50	50	50	50	50	50	50	50	50	50	50	50	50	50	50	50	50	50	50	50	50	50	50	50	50	50	50	50	50	50	50	
50	50	50	50	50	50	50	50	50	50	50	50	50	50	50	50	50	50	50	50	50	50	50	50	50	50	50	50	50	50	50	50	50	50	50	50	50	50	50	50	50	50	50	50	50	50	50	50	50	50	50	50	50	50	50	50	50	50	50	50	50	50	50	50	50	50	49.93	49.7613	49.6152	49.5565	49.3882	49.3362	49.5326	49.7126	49.8711	50	50	50	50	50	50	50	50	50	50	50	50	50	49.9999	49.9999	49.9999	49.9999	49.9999	49.9999	49.9999	49.9999	49.9999	50	50	50	50	50	50	50	50	50	50	50	50	50	50	50	50	50	50	50	50	50	50	50	50	50	50	50	50	50	50	50	
50	50	50	50	50	50	50	50	50	50	50	50	50	50	50	50	50	50	50	50	50	50	50	50	50	50	50	50	50	50	50	50	50	50	50	50	50	50	50	50	50	50	50	50	50	50	50	50	50	50	50	50	50	50	50	50	50	50	50	50	50	50	50	50	50	50	50	49.93	49.8382	49.8016	49.8382	49.93	50	50	50	50	50	50	50	50	50	50	50	50	50	50	50	50	50	50	50	49.9999	49.9999	49.9999	49.9999	49.9999	50	50	50	50	50	50	50	50	50	50	50	50	50	50	50	50	50	50	50	50	50	50	50	50	50	50	50	50	50	50	50	50	
50	50	50	50	50	50	50	50	50	50	50	50	50	50	50	50	50	50	50	50	50	50	50	50	50	50	50	50	50	50	50	50	50	50	50	50	50	50	50	50	50	50	50	50	50	50	50	50	50	50	50	50	50	50	50	50	50	50	50	50	50	50	50	50	50	50	50	50	50	50	50	50	50	50	50	50	50	50	50	50	50	50	50	50	50	50	50	50	50	50	50	50	50	50	50	50	50	50	50	50	50	50	50	50	50	50	50	50	50	50	50	50	50	50	50	50	50	50	50	50	50	50	50	50	50	50	50	50	
50	50	50	50	50	50	50	50	50	50	50	50	50	50	50	50	50	50	50	50	50	50	50	50	50	50	50	50	50	50	50	50	50	50	50	50	50	50	50	50	50	50	50	50	50	50	50	50	50	50	50	50	50	50	50	50	50	50	50	50	50	50	50	50	50	50	49.9881	49.9744	49.9695	49.9744	49.9881	50	50	50	50	50	50	50	50	50	50	50	50	50	50	50	50	50	50	50	50	50	50	50	50	50	50	50	50	50	50	50	50	50	50	50	50	50	50	50	50	50	50	50	50	50	50	50	50	50	50	50	50	50	50	50	50	50	
50	50	50	50	50	50	50	50	50	50	50	50	50	50	50	50	50	50	50	50	50	50	50	50	50	50	50	50	50	50	50	50	50	50	50	50	50	50	50	50	50	50	50	50	50	50	50	50	50	50	50	50	50	50	50	50	50	50	50	50	50	50	50	50	50	49.9881	49.9643	49.9472	49.941	49.9472	49.9643	49.9881	50	50	50	50	50	50	50	50	50	50	50	50	50	50	50	50	50	50	50	50	50	50	50	50	50	50	50	50	50	50	50	50	50	50	50	50	50	50	50	50	50	50	50	50	50	50	50	50	50	50	50	50	50	50	50	50	
50	50	50	50	50	50	50	50	50	50	50	50	50	50	50	50	50	50	50	50	50	50	50	50	50	50	50	50	50	50	50	50	50	50	50	50	50	50	50	50	50	50	50	50	50	50	50	50	50	50	50	50	50	50	50	50	50	50	50	50	50	50	50	50	50	49.9557	49.8924	49.8503	49.8546	49.9006	49.9472	49.9744	50	50	50	50	50	50	50	50	50	50	50	50	50	50	50	50	50	50	50	50	50	50	50	50	50	50	50	50	50	50	50	50	50	50	50	50	50	50	50	50	50	50	50	50	50	50	50	50	50	50	50	50	50	50	50	50	
50	50	50	50	50	50	50	50	50	50	50	50	50	50	50	50	50	50	50	50	50	50	50	50	50	50	50	50	50	50	50	50	50	50	50	50	50	50	50	50	50	50	50	50	50	50	50	50	50	50	50	50	50	50	50	50	50	50	50	50	50	50	50	50	49.9858	49.9019	49.803	49.7375	49.7471	49.8229	49.9163	49.9695	50	50	50	50	50	50	50	50	50	50	50	50	50	50	50	50	50	50	50	50	50	50	50	50	50	50	50	50	50	50	50	50	50	50	50	50	50	50	50	50	50	50	50	50	50	50	50	50	50	50	50	50	50	50	50	50	
50	50	50	50	50	50	50	50	50	50	50	50	50	50	50	50	50	50	50	50	50	50	50	50	50	50	50	50	50	50	50	50	50	50	50	50	50	50	50	50	50	50	50	50	50	50	50	50	50	50	50	50	50	50	50	50	50	50	50	50	50	50	50	50	49.9669	49.8696	49.7472	49.6664	49.6802	49.7764	49.8924	49.9744	50	50	50	50	50	50	50	50	50	50	50	50	50	50	50	50	50	50	50	50	50	50	50	50	50	50	50	50	50	50	50	50	50	50	50	50	50	50	50	50	50	50	50	50	50	50	50	50	50	50	50	50	50	50	50	50	
50	50	50	50	50	50	50	50	50	50	50	50	50	50	50	50	50	50	50	50	50	50	50	50	50	50	50	50	50	50	50	50	50	50	50	50	50	50	50	50	50	50	50	50	50	50	50	50	50	50	50	50	50	50	50	50	50	50	50	50	50	50	50	50	49.9593	49.8824	49.7658	49.6889	49.7027	49.7949	49.9056	49.9881	50	50	50	50	50	50	50	50	50	50	50	50	50	50	50	50	50	50	50	50	50	50	50	50	50	50	50	50	50	50	50	50	50	50	50	50	50	50	50	50	50	50	50	50	50	50	50	50	50	50	50	50	50	50	50	50	
50	50	50	50	50	50	50	50	50	50	50	50	50	50	50	50	50	50	50	50	50	50	50	50	50	50	50	50	50	50	50	50	50	50	50	50	50	50	50	50	50	50	50	50	50	50	50	50	50	50	50	50	50	50	50	50	50	50	50	50	50	50	50	50	49.9669	49.9203	49.8493	49.7933	49.8029	49.8696	49.9501	50	50	50	50	50	50	50	50	50	50	50	50	50	50	50	50	50	50	50	50	50	50	50	50	50	50	50	50	50	50	50	50	50	50	50	50	50	50	50	50	50	50	50	50	50	50	50	50	50	50	50	50	50	50	50	50	50	
50	50	50	50	50	50	50	50	50	50	50	50	50	50	50	50	50	50	50	50	50	50	50	50	50	50	50	50	50	50	50	50	50	50	50	50	50	50	50	50	50	50	50	50	50	50	50	50	50	50	50	50	50	50	50	50	50	50	50	50	50	50	50	50	49.9858	49.9509	49.9203	49.9078	49.9203	49.9509	49.9858	50	50	50	50	50	50	50	50	50	50	50	50	50	50	50	50	50	50	50	50	50	50	50	50	50	50	50	50	50	50	50	50	50	50	50	50	50	50	50	50	50	50	50	50	50	50	50	50	50	50	50	50	50	50	50	50	50	
50	50	50	50	50	50	50	50	50	50	50	50	50	50	50	50	50	50	50	50	50	50	50	50	50	50	50	50	50	50	50	50	50	50	50	50	50	50	50	50	50	50	50	50	50	50	50	50	50	50	50	50	50	50	50	50	50	50	50	50	50	50	50	50	50	49.9858	49.9669	49.9593	49.9669	49.9858	50	50	50	50	50	49.9956	49.9899	49.9876	49.9899	49.9956	50	50	50	50	50	50	50	50	50	50	50	50	50	50	50	50	50	50	50	50	50	50	50	50	50	50	50	50	50	50	50	50	50	50	50	50	50	50	50	50	50	50	50	49.9573	49.9009	49.8783	49.9009	49.9573	
49.9573	50	50	50	50	50	50	50	50	50	50	50	50	50	50	50	50	50	50	50	50	50	50	50	50	50	50	50	50	50	50	50	50	50	50	50	50	50	50	50	50	50	50	50	50	50	50	50	50	50	50	50	50	50	50	50	50	50	50	50	50	50	50	50	50	50	50	50	50	50	50	50	50	50	49.9956	49.985	49.9757	49.9719	49.9757	49.985	49.9956	50	50	50	50	50	50	50	50	50	50	50	50	50	50	50	50	50	50	50	50	50	50	50	50	50	50	50	50	50	50	50	50	50	50	50	50	50	50	50	50	50	49.9573	49.8535	49.7628	49.7262	49.7628	49.8535	
49.5002	49.6171	49.6879	49.8651	50	50	50	50	50	50	50	50	50	50	50	50	50	50	45.3126	40.6251	39.0626	40.6251	45.3126	50	50	50	50	50	50	50	50	50	50	50	50	50	50	50	50	50	50	50	50	50	50	50	50	50	50	50	50	50	50	50	50	50	50	50	50	50	50	50	50	50	50	50	50	50	50	50	50	50	50	50	49.9899	49.9757	49.9632	49.9581	49.9632	49.9757	49.9899	50	50	50	50	50	50	50	50	50	50	50	50	50	50	50	50	50	50	50	50	50	50	50	50	50	50	50	50	50	50	50	50	50	50	50	50	50	50	50	50	50	49.9009	49.7628	49.6414	49.5923	49.6414	49.5389	
48.8675	49.1444	49.2575	49.5394	49.8651	50	50	50	50	50	50	50	50	50	50	50	50	45.3126	37.5001	32.8126	31.2501	32.8126	37.5001	45.3126	50	50	50	50	50	50	50	50	50	50	50	50	50	50	50	50	50	50	50	50	50	50	50	50	50	50	50	50	50	50	50	50	50	50	50	50	50	50	50	50	50	50	50	50	50	50	49.9997	49.9993	49.9992	49.9993	49.9868	49.9719	49.9581	49.9525	49.9581	49.9719	49.9876	50	50	50	50	50	50	50	50	50	50	50	50	50	50	50	50	50	50	50	50	50	50	50	50	50	50	50	50	50	50	50	50	50	49.9866	49.9691	49.962	49.9691	49.9866	50	50	50	49.8783	49.7262	49.5923	49.5381	49.3056	48.9027	
48.4489	48.7332	48.8834	49.2575	49.6879	50	50	48.723	47.1397	46.5345	47.1397	48.723	50	50	50	50	50	40.6251	32.8126	28.1252	26.5628	28.1252	32.8126	40.6251	50	50	50	50	50	50	50	50	50	50	50	50	50	50	50	50	50	50	50	50	50	50	50	50	50	50	50	50	50	50	50	50	50	50	50	50	50	49.9999	49.9999	49.9999	49.9999	49.9999	50	50	50	49.9997	49.9991	49.9973	49.9953	49.9948	49.9823	49.9707	49.9632	49.9581	49.9632	49.9757	49.9899	50	50	50	50	50	50	50	50	50	50	50	50	50	50	50	50	50	50	50	50	50	50	50	50	50	50	50	50	50	50	50	50	49.9866	49.9543	49.9261	49.9148	49.9261	49.9543	49.9866	50	50	49.9009	49.7628	49.6414	49.5923	49.0131	48.5025	
48.5243	48.5681	48.7332	49.1444	49.6171	50	48.723	45.8872	43.6762	42.8447	43.6762	45.8872	48.723	50	44.0665	38.7141	37.0531	29.825	27.1976	26.5628	25.0005	26.5628	31.2501	39.0626	50	50	50	50	50	50	50	50	50	50	50	50	50	50	50	50	50	50	50	50	50	50	50	50	50	50	50	50	50	50	50	50	50	50	50	50	49.9999	49.9999	49.9999	49.9999	49.9999	49.9999	49.9999	50	50	49.9993	49.9973	49.9933	49.9899	49.989	49.9833	49.9732	49.972	49.9719	49.9757	49.985	49.9956	50	50	50	50	50	50	50	50	50	50	50	50	50	50	50	50	50	50	50	50	50	50	50	50	50	50	50	50	50	50	50	50	49.9691	49.9261	49.8885	49.8732	49.8885	49.9261	49.9691	50	50	49.9573	49.8535	49.7628	49.7262	49.1197	48.624	
48.8834	48.7332	48.8834	49.2575	49.6879	50	47.1397	42.375	38.1181	36.5447	38.1181	42.375	47.1397	44.0665	35.4514	30.9882	29.6099	24.6511	22.5896	24.423	26.5628	28.1252	32.8126	40.6251	50	50	50	50	50	50	50	50	50	50	50	50	50	50	50	50	50	50	50	50	50	50	50	50	50	50	50	50	50	50	50	50	50	50	50	50	49.9999	49.9999	49.9999	49.9999	49.9999	49.9999	49.9999	50	50	49.9992	49.9953	49.9899	49.9853	49.984	49.9868	49.9848	49.9849	49.9876	49.9899	49.9956	50	50	50	50	50	50	50	50	50	50	50	50	50	50	50	50	50	50	50	50	50	50	50	50	50	50	50	50	50	50	50	50	50	49.962	49.9148	49.8732	49.8564	49.8732	49.9148	49.962	50	50	50	49.9573	49.9009	49.8783	49.5002	49.1198	
49.2575	49.1444	49.2575	49.5394	49.8651	50	45.4046	39.1129	34.4162	32.7282	34.4162	39.1129	45.4046	38.7141	30.9882	27.0087	25.783	24.1601	22.5896	24.8427	26.4198	23.2377	25.7606	34.5551	44.584	50	50	50	50	50	50	50	50	50	50	50	50	50	50	50	50	50	50	50	50	50	50	50	50	50	50	50	50	50	50	50	50	50	50	49.9999	49.9999	49.9999	49.9999	49.9999	49.9999	49.9999	49.9999	50	50	49.9993	49.9948	49.989	49.984	49.9826	49.9856	49.9913	49.9968	50	50	50	50	50	50	50	50	50	50	50	50	50	50	50	50	50	50	50	50	50	50	50	50	50	50	50	50	50	50	50	50	50	50	50	50	49.9691	49.9261	49.8885	49.8732	49.8885	49.9261	49.9691	50	50	50	50	50	50	49.8651	49.5394	
49.6879	49.6171	49.6879	49.8651	50	50	44.8884	38.5756	33.8977	32.222	33.8977	38.5756	44.8884	37.0531	29.6099	25.783	24.6055	25.783	26.5321	25.6227	25.5293	22.2115	24.3939	29.9911	35.3616	44.584	50	50	50	50	50	50	50	50	50	50	50	50	50	50	50	50	50	50	50	50	50	50	50	50	50	50	50	50	50	50	50	50	50	49.9999	49.9999	49.9999	49.9999	49.9999	49.9999	49.9999	49.9999	50	50	49.9997	49.9961	49.9911	49.9868	49.9856	49.9882	49.9931	49.9974	50	50	50	50	50	50	50	50	50	50	50	50	50	50	50	50	50	50	50	50	50	50	50	50	50	50	50	50	50	50	50	50	50	50	50	50	49.9866	49.9543	49.9261	49.9148	49.9261	49.9543	49.9866	50	50	50	50	50	50	50	49.8651	
49.0263	49.5759	50	50	50	50	46.3381	40.7669	36.5153	34.9608	36.5153	40.7669	46.3381	38.7141	30.9882	27.0087	25.783	27.0087	30.9882	29.7731	29.9911	24.9474	23.3631	24.9474	29.9911	39.0425	50	50	50	50	50	50	50	50	50	50	50	50	50	50	50	50	50	50	50	50	50	50	50	50	50	50	50	50	50	50	50	50	49.9999	49.9999	49.9999	49.9999	49.9999	49.9999	49.9999	49.9999	49.9999	50	50	50	49.9985	49.995	49.9921	49.9913	49.9931	49.9962	49.9989	50	50	50	50	50	50	50	50	50	50	50	50	50	50	50	50	50	50	50	50	50	50	50	50	50	50	50	50	50	50	50	50	50	50	50	50	50	49.9866	49.9691	49.962	49.9691	49.9866	50	50	50	50	50	50	49.5759	49.0263	48.8091	
47.7259	48.5722	49.5759	50	50	50	48.1855	44.796	41.4314	40.1603	41.4314	44.796	48.1855	44.0665	35.4514	30.9882	29.6099	30.9882	35.4514	32.486	28.2661	23.3631	21.8344	23.3631	28.2661	37.1963	50	50	50	50	50	50	50	50	50	50	50	50	50	50	50	50	50	50	50	50	50	50	50	50	50	50	50	50	50	50	50	50	49.9999	49.9999	49.9999	49.9999	49.9999	49.9999	49.9999	49.9999	50	50	50	50	50	49.9989	49.9974	49.9968	49.9974	49.9989	50	50	50	50	50	50	50	50	50	50	50	50	50	50	50	50	50	50	50	50	50	50	50	50	50	50	50	50	50	50	50	50	50	50	50	50	50	50	50	50	50	50	50	50	50	50	50	50	49.5759	48.5722	47.7259	47.3921	
46.6339	47.7259	49.0263	50	50	50	49.1272	47.5182	46.4565	46.0862	46.4565	47.5182	49.1272	50	44.0665	38.7141	37.0531	38.7141	44.0665	39.0425	29.9911	24.9474	23.3631	24.9474	29.9911	39.0425	50	50	50	50	50	50	50	50	50	50	50	50	50	50	50	50	50	50	50	50	50	50	50	50	50	50	50	50	50	50	50	50	49.9999	49.9999	49.9999	49.9999	49.9999	49.9999	49.9999	49.9999	50	50	50	50	50	50	50	50	50	50	49.9997	49.9994	49.9993	49.9994	49.9997	50	50	50	50	50	50	50	50	50	50	50	50	50	50	50	50	50	50	50	50	50	50	50	50	50	50	50	50	50	50	50	50	50	50	50	50	50	50	50	50	50	50	50	49.0263	47.7259	46.6339	46.205	
46.205	47.3921	48.8091	50	50	50	50	49.1272	48.1855	47.8559	48.1855	49.1272	50	50	50	50	50	50	50	44.584	35.3616	29.9911	28.2661	29.9911	35.3616	44.584	50	50	50	50	50	50	50	50	50	50	50	50	50	50	50	50	50	50	50	50	50	50	50	50	50	50	50	50	50	50	50	50	49.9999	49.9999	49.9999	49.9999	49.9999	49.9999	49.9999	50	50	50	50	50	50	50	50	50	50	49.9997	49.9991	49.9987	49.9985	49.9987	49.9991	49.9997	50	50	50	50	50	50	50	50	50	50	50	50	50	50	50	50	50	50	50	50	50	50	50	50	50	50	50	50	50	50	50	50	50	50	50	50	50	50	50	50	50	50	48.8091	47.3921	46.205	45.7397	
46.6339	47.7259	49.0263	50	50	50	50	50	50	50	50	50	50	50	50	50	50	50	50	50	44.584	39.0425	37.1963	39.0425	44.584	50	50	50	50	50	50	50	50	50	50	50	50	50	50	50	50	50	50	50	50	50	50	50	50	50	50	50	50	50	50	50	50	50	49.9999	49.9999	49.9999	49.9999	49.9999	49.9999	49.9999	50	50	50	50	50	50	50	50	50	50	49.9994	49.9987	49.9981	49.9979	49.9981	49.9987	49.9994	50	50	50	50	50	50	50	50	50	50	50	50	50	50	50	50	50	50	50	50	50	50	50	50	50	50	50	50	50	50	50	50	50	50	50	50	50	50	50	50	50	50	49.0263	47.7259	46.6339	46.205	
47.7259	48.5722	49.5759	50	50	50	50	50	50	50	50	50	50	50	50	50	50	50	50	50	50	50	50	50	50	50	50	50	50	50	50	50	50	50	50	50	50	50	50	50	50	50	50	50	50	50	50	50	50	50	50	50	50	50	50	50	50	50	50	49.9999	49.9999	49.9999	49.9999	49.9999	50	50	50	50	50	50	50	50	50	50	50	49.9993	49.9981	49.9967	49.9961	49.9967	49.9981	49.9993	50	50	50	50	50	50	50	50	50	50	50	50	50	50	50	50	50	50	50	50	50	50	50	50	50	50	50	50	50	50	50	50	50	50	50	50	50	50	50	50	50	50	49.5759	48.5722	47.7259	47.3921	
49.0263	49.5759	50	50	50	50	50	50	50	50	50	50	50	50	50	50	50	50	50	50	50	50	50	50	50	50	50	50	50	50	50	50	50	50	50	50	50	50	50	50	50	50	50	50	50	50	50	50	50	50	50	50	50	50	50	50	50	50	50	50	50	50	50	50	50	50	50	50	50	50	50	50	50	50	50	49.9991	49.9974	49.9955	49.9947	49.9955	49.9974	49.9991	50	50	50	50	50	50	50	50	50	50	50	50	50	50	50	50	50	50	50	50	50	50	50	50	50	50	50	50	50	50	50	50	50	50	50	50	50	50	50	50	50	50	50	49.5759	49.0263	48.8091	
50	50	50	50	50	50	50	50	50	50	50	50	50	50	50	50	50	50	50	50	50	50	50	50	50	50	50	50	50	50	50	50	50	50	50	50	50	50	50	50	50	50	50	50	50	50	50	50	50	50	50	50	50	50	50	50	50	50	50	50	50	50	50	50	50	50	50	50	50	50	50	50	50	50	50	49.9992	49.9975	49.9956	49.9947	49.9956	49.9975	49.9992	50	50	50	50	50	50	50	50	50	50	50	50	50	50	50	50	50	50	50	50	50	50	50	50	50	50	50	50	50	50	50	50	50	50	50	50	50	50	50	50	50	50	50	50	50	50	
50	50	50	50	50	50	50	50	50	50	50	50	50	50	50	50	50	50	50	50	50	50	50	50	50	50	50	50	50	50	50	50	50	50	50	50	50	50	50	50	50	50	50	50	50	50	50	50	50	50	50	50	50	50	50	50	50	50	50	50	50	50	50	50	50	50	50	50	50	50	50	50	50	50	50	49.9995	49.9984	49.9969	49.9963	49.9969	49.9984	49.9995	50	50	50	50	50	50	50	50	50	50	50	50	50	50	50	50	50	50	50	50	50	50	50	50	50	50	50	50	50	50	50	50	50	50	50	50	50	50	50	50	50	50	50	50	50	50	
50	50	50	50	50	50	50	50	50	50	50	50	50	50	50	50	50	50	50	50	50	50	50	50	50	50	50	50	50	50	50	50	50	50	50	50	50	50	50	50	50	50	50	50	50	50	50	50	50	50	50	50	50	50	50	50	50	50	50	50	50	50	50	50	50	50	50	50	50	50	50	50	50	50	50	49.9996	49.9991	49.9986	49.9984	49.9986	49.9991	49.9996	49.9999	49.9999	49.9999	49.9999	50	50	50	50	50	50	50	50	50	50	50	50	50	50	50	50	50	50	50	50	50	50	50	50	50	50	50	50	50	50	50	50	50	50	50	50	50	50	50	50	50	50	
50	50	50	50	50	50	50	50	50	50	50	50	50	50	50	50	50	50	50	50	50	50	50	50	50	50	50	50	50	50	50	50	50	50	50	50	50	50	50	50	50	50	50	50	50	50	50	50	50	50	50	50	50	50	50	50	50	50	50	50	50	50	50	50	50	50	50	50	50	50	50	50	50	50	50	49.9998	49.9994	49.9991	49.9989	49.9991	49.9994	49.9998	49.9999	49.9999	49.9999	49.9999	49.9999	50	50	50	50	50	50	50	50	50	50	50	50	50	50	50	50	50	50	50	50	50	50	50	50	50	50	50	50	50	50	50	50	50	50	50	50	50	50	50	50	50	
50	50	50	50	50	50	50	50	50	50	50	50	50	50	50	50	50	50	50	50	50	50	50	50	50	50	50	50	50	50	50	50	50	50	50	50	50	50	50	50	50	50	50	50	50	50	50	50	50	50	50	50	50	50	50	50	50	49.9999	49.9999	49.9999	49.9999	49.9999	50	50	50	50	50	50	50	50	50	50	50	50	50	50	49.9998	49.9996	49.9995	49.9996	49.9998	49.9999	49.9999	49.9999	49.9999	49.9999	49.9999	50	50	50	50	50	50	50	50	50	50	50	50	50	50	50	50	50	50	50	50	50	50	50	50	50	50	50	50	50	50	50	50	50	50	50	50	50	50	50	50	50	
50	50	50	50	50	50	50	50	50	50	50	50	50	50	50	50	50	50	50	50	50	50	50	50	50	50	50	50	50	50	50	50	50	50	50	50	50	50	50	50	50	50	50	50	50	50	50	50	50	50	50	50	50	50	50	50	49.9999	49.9999	49.9999	49.9999	49.9999	49.9999	49.9999	50	50	50	50	50	50	50	50	50	50	50	50	50	50	50	50	50	49.9999	49.9999	49.9999	49.9998	49.9999	49.9999	49.9999	50	50	50	50	50	50	50	50	50	50	50	50	50	50	50	50	50	50	50	50	50	50	50	50	50	50	50	50	49.9957	49.99	49.9877	49.99	49.9957	50	50	50	50	50	50	50	50	
50	50	50	50	50	50	50	50	50	50	50	50	50	50	50	50	50	50	50	50	50	50	50	50	50	50	50	50	50	50	50	50	50	50	50	50	50	50	50	50	50	50	50	50	50	50	50	50	50	50	50	50	50	50	50	50	49.9999	49.9999	49.9999	49.9999	49.9999	49.9999	49.9999	50	50	50	50	50	50	50	50	50	50	50	50	50	50	50	50	50	49.9999	49.9999	49.9999	49.9999	49.9999	49.9999	49.9999	50	50	50	50	50	50	50	50	50	50	50	50	50	50	50	50	50	50	50	50	50	50	50	50	50	50	50	49.9957	49.9853	49.9761	49.9725	49.9761	49.9853	49.9957	50	50	50	50	50	50	50	
50	50	50	50	50	50	50	50	50	50	50	50	50	50	50	50	50	50	50	50	50	50	50	50	50	50	50	50	50	50	50	50	50	50	50	50	50	50	50	50	50	50	50	50	50	50	50	50	50	50	50	50	50	50	50	50	49.9999	49.9999	49.9999	49.9999	49.9999	49.9999	49.9999	50	50	50	50	50	50	50	50	50	50	50	50	50	50	50	50	50	49.9999	49.9999	49.9999	49.9999	49.9999	49.9999	49.9999	50	50	50	50	50	50	50	50	50	50	50	50	50	50	50	50	50	50	50	50	50	50	50	50	50	50	50	49.99	49.9761	49.964	49.959	49.964	49.9761	49.99	50	50	50	50	50	50	50	
49.7987	49.836	49.9292	50	50	50	50	50	50	50	50	50	50	50	50	50	50	50	50	50	50	50	50	50	50	50	50	50	50	50	50	50	50	50	50	50	50	50	50	50	50	50	50	50	50	50	50	50	50	50	50	50	50	50	50	50	49.9999	49.9999	49.9999	49.9999	49.9999	49.9999	49.9999	50	50	50	50	50	50	50	50	50	50	50	50	50	50	50	50	50	49.9999	49.9998	49.9997	49.9997	49.9998	49.9999	49.9999	50	50	50	50	50	50	50	50	50	50	50	50	50	50	50	50	50	50	50	50	50	50	50	50	50	50	50	49.9877	49.9725	49.959	49.9536	49.959	49.9725	49.9877	50	50	50	50	50	49.9292	49.836	
49.548	49.6082	43.2142	37.0216	35.0404	37.0957	43.4666	50	50	50	50	50	50	50	50	50	50	50	50	50	50	50	50	50	50	50	50	50	50	50	50	50	50	50	50	50	50	50	50	50	50	50	50	50	50	50	50	50	50	50	50	50	50	50	50	50	49.9999	49.9999	49.9999	49.9999	49.9999	49.9999	49.9999	50	50	50	50	50	50	50	50	50	50	50	50	50	50	50	50	49.9999	49.9998	49.9996	49.9995	49.9996	49.9997	49.9999	49.9999	50	50	50	50	50	50	50	50	50	50	50	50	50	50	50	50	50	50	50	50	50	50	50	50	50	50	50	49.99	49.9761	49.964	49.959	49.964	49.9761	49.99	50	50	49.8711	49.7126	49.5312	49.3304	49.3794	
49.0295	42.8516	32.6282	27.1646	25.5459	27.3239	33.03	43.4666	50	50	50	50	50	50	50	50	50	50	50	50	50	50	50	50	50	50	50	50	50	50	50	50	50	50	50	50	50	50	50	50	50	50	50	50	50	50	50	50	50	50	50	50	50	50	50	50	50	49.9999	49.9999	49.9999	49.9999	49.9999	50	50	50	50	50	50	50	50	50	50	50	50	50	50	50	50	50	49.9999	49.9997	49.9995	49.9993	49.9994	49.9996	49.9998	49.9999	50	50	50	50	50	50	50	50	50	50	50	50	50	50	50	50	50	50	50	50	50	50	50	50	50	50	50	49.9957	49.9853	49.9761	49.9725	49.9761	49.9853	49.9957	50	49.8711	49.5871	49.3626	48.8696	48.4673	48.5109	
48.5224	36.3956	26.8869	22.0199	20.6325	22.1969	27.3222	37.0943	49.9994	50	50	50	50	50	50	50	50	50	50	50	50	50	50	50	50	50	50	50	50	50	50	50	50	50	50	50	50	50	50	50	50	50	50	50	50	50	50	50	50	50	50	50	50	50	50	50	50	50	50	50	50	50	50	50	50	50	50	50	50	50	50	50	50	50	50	50	50	50	50	49.9999	49.9996	49.9994	49.9993	49.9993	49.9995	49.9998	49.9999	50	50	50	50	50	50	50	50	50	50	50	50	50	50	50	50	50	50	50	50	50	50	50	50	50	50	50	50	49.9957	49.99	49.9877	49.99	49.9957	50	50	49.7126	49.3626	49.0856	48.3558	47.8005	47.8407	
48.0925	34.1386	25.021	20.456	19.141	20.6302	25.5424	35.037	49.998	49.9994	50	50	50	50	50	50	50	50	50	50	50	50	50	50	50	50	50	50	50	50	50	50	50	50	50	50	50	50	50	50	50	50	50	50	50	50	50	50	50	50	50	50	50	50	50	50	50	50	50	50	50	50	50	50	50	50	50	50	50	50	50	50	50	50	50	50	50	50	50	49.9999	49.9997	49.9995	49.9994	49.9995	49.9996	49.9998	49.9999	50	50	50	50	50	50	50	50	50	50	50	50	50	50	50	50	50	50	50	50	50	50	50	50	50	50	50	50	50	50	50	50	50	50	50	49.652	49.2767	48.9795	48.3175	47.7777	47.5936	
48.317	36.2122	26.8114	22.0389	20.6102	22.1936	27.3183	37.0905	49.9967	49.9986	50	50	50	50	50	50	50	50	50	50	50	50	50	50	50	50	50	50	50	50	50	50	50	50	50	50	50	50	50	50	50	50	50	50	50	50	50	50	50	50	50	50	50	50	50	50	50	50	50	50	50	50	50	50	50	50	50	50	50	50	50	50	50	50	50	50	50	50	50	49.9999	49.9998	49.9997	49.9996	49.9997	49.9998	49.9999	50	50	49.9999	49.9997	49.9996	49.9997	49.9999	50	50	50	50	50	50	50	50	50	50	50	50	50	50	50	50	50	50	50	50	50	50	50	50	50	50	50	50	50	49.7126	49.3626	49.0856	48.7587	48.2412	47.915	
47.4239	42.2112	32.6963	27.1997	25.4896	27.3171	33.0218	43.4594	49.9957	49.9983	50	50	50	50	50	50	50	50	50	50	50	50	50	50	50	50	50	50	50	50	50	50	50	50	50	50	50	50	50	50	50	50	50	50	50	50	50	50	50	50	50	50	50	50	50	50	50	50	50	50	50	50	50	49.9999	49.9999	49.9999	49.9999	49.9999	50	50	50	50	50	50	50	49.9999	49.9999	49.9999	49.9999	49.9999	49.9999	49.9999	49.9999	49.9999	49.9999	50	50	49.9999	49.9995	49.9992	49.9991	49.9992	49.9995	49.9999	50	50	50	50	50	50	50	50	50	50	50	50	50	50	45.3126	40.6251	39.0626	40.6251	45.3126	49.9986	49.9967	49.996	49.9967	49.9986	50	50	50	50	49.8711	49.5871	49.3626	48.5764	47.2627	46.5475	
46.9917	47.9591	42.6955	36.9413	34.9647	37.0882	39.6259	41.6786	40.4162	41.6833	45.6828	50	50	50	50	50	50	50	50	50	50	50	50	50	50	50	50	50	50	50	50	50	50	50	50	50	50	50	50	50	50	50	50	50	50	50	50	50	50	50	50	50	50	50	50	50	50	50	50	50	50	50	49.9999	49.9999	49.9999	49.9999	49.9999	49.9999	49.9999	49.9999	49.9999	50	50	50	49.9999	49.9999	49.9999	49.9999	49.9999	49.9999	49.9999	50	50	50	50	50	50	49.9997	49.9992	49.9988	49.9986	49.9988	49.9992	49.9997	50	50	50	49.9999	49.9999	49.9999	49.9999	49.9999	49.9999	49.9999	49.9999	50	50	45.3126	37.5001	32.8126	31.2501	32.8126	37.4886	45.3017	49.9922	49.9909	49.9922	49.9952	49.9986	50	50	50	50	49.8711	49.1546	47.7257	46.5041	46.3007	
45.7811	46.9917	48.6203	49.8731	49.9415	45.6737	39.1747	35.671	34.5692	35.6812	39.1883	45.6828	50	50	50	50	50	50	50	50	50	50	50	50	50	50	50	50	50	50	50	50	50	50	50	50	50	50	50	50	50	50	50	50	50	50	50	50	50	50	50	50	50	50	50	50	50	50	50	50	50	50	49.9999	49.9999	49.9999	49.9999	49.9999	49.9999	49.9999	49.9999	49.9999	49.9999	50	50	49.9999	49.9999	49.9999	49.9999	49.9999	49.9999	49.9999	50	50	50	50	50	50	49.9996	49.9991	49.9986	49.9985	49.9986	49.9991	49.999	49.999	49.9987	49.9989	49.9995	49.9999	49.9999	49.9998	49.9998	49.9998	49.9998	49.9999	49.9999	50	40.6251	32.8126	28.1252	26.5628	28.1252	32.7552	40.5863	49.9881	49.9865	49.9881	49.9922	49.9967	50	50	50	50	50	48.9478	47.5788	46.2642	45.5284	
41.0862	43.5366	47.291	49.9221	49.9712	41.6724	35.6667	32.4365	31.4228	32.4475	35.6826	41.6848	50	50	50	50	50	50	50	50	50	50	50	50	50	50	50	50	50	50	50	50	50	50	50	50	50	50	50	50	50	50	50	50	50	50	50	50	50	50	50	50	50	50	50	50	50	50	50	50	50	50	49.9999	49.9999	49.9999	49.9999	49.9999	49.9999	49.9999	49.9999	49.9999	49.9999	49.9999	49.9999	49.9999	49.9999	49.9999	49.9999	49.9999	49.9999	49.9999	50	50	50	50	50	50	49.9997	49.9992	49.9988	49.9986	49.9988	49.9985	49.9977	49.9975	49.9971	49.9974	49.9983	49.9994	49.9997	49.9995	49.9995	49.9996	49.9997	49.9998	49.9999	50	39.0626	31.2501	26.5628	25.0005	26.5628	31.1595	39.0044	49.9865	49.9847	49.9865	49.9909	49.996	50	50	50	50	48.2691	44.6355	41.9029	39.0928	38.6465	
35.3448	41.0757	45.4362	49.1063	49.9933	40.4074	34.561	31.4173	30.4294	31.4256	34.5742	40.4201	50	50	50	50	50	50	50	50	50	50	50	50	50	50	50	50	50	50	50	50	50	50	50	50	50	50	50	50	50	50	50	50	50	50	50	50	50	50	50	50	50	50	50	50	50	50	50	50	50	50	49.9999	49.9999	49.9999	49.9999	49.9999	49.9999	49.9999	49.9999	49.9999	49.9999	49.9999	49.9999	49.9999	49.9999	49.9999	49.9999	49.9999	49.9999	49.9999	50	50	50	50	50	50	49.9999	49.9995	49.9992	49.9991	49.9992	49.998	49.997	49.9962	49.9956	49.9959	49.9971	49.9986	49.9996	49.9994	49.9994	49.9995	49.9997	49.9998	49.9999	50	40.6251	32.8126	28.1252	26.5628	28.1252	32.7552	40.5863	49.9881	49.9865	49.9881	49.9922	49.9967	50	50	50	48.2691	44.8864	40.8949	35.8945	30.9816	30.4808	
32.1503	40.8374	45.0014	48.0941	49.9927	41.6709	35.6659	32.4347	31.4191	32.4438	35.6798	41.6848	50	50	50	50	50	50	50	50	50	50	50	50	50	50	50	50	50	50	50	50	50	50	50	50	50	50	50	50	50	50	50	50	50	50	50	50	50	50	50	50	50	50	50	50	50	50	50	50	50	50	49.9999	49.9999	49.9999	49.9999	49.9999	49.9999	49.9999	49.9999	49.9999	49.9999	49.9999	49.9999	49.9999	49.9999	49.9999	49.9999	49.9999	49.9999	49.9999	50	50	50	50	50	50	50	49.9999	49.9997	49.9996	49.9997	49.9984	49.9971	49.9956	49.995	49.9953	49.9966	49.9983	49.9996	49.9994	49.9994	49.9995	49.9997	49.9998	49.9999	50	45.3126	37.5001	32.8126	31.2501	32.8126	37.4886	45.3017	49.9922	49.9909	49.9922	49.9952	49.9986	50	50	50	46.3156	42.5535	39.1967	32.3767	27.4802	27.1408	
33.5498	42.5085	45.371	47.682	49.9855	45.671	39.1726	35.6679	34.5645	35.6758	39.1846	45.6828	50	50	50	50	50	50	50	50	50	50	50	50	50	50	50	50	50	50	50	50	50	50	50	50	50	50	50	50	50	50	50	50	50	50	50	50	50	50	50	50	50	50	50	50	50	50	50	50	50	50	50	49.9999	49.9999	49.9999	49.9999	49.9999	49.9999	49.9999	49.9999	49.9999	49.9999	49.9999	49.9999	49.9999	49.9999	49.9999	49.9999	49.9999	50	50	50	50	50	50	50	50	50	50	50	50	49.999	49.9975	49.9962	49.9956	49.996	49.9971	49.9986	49.9997	49.9996	49.9996	49.9997	49.9998	49.9999	49.9999	50	50	45.3126	40.6251	39.0626	40.6251	45.3126	49.9986	49.9967	49.996	49.9967	49.9986	50	50	50	50	45.6137	41.7268	39.1091	33.061	28.7802	28.6686	
38.3454	44.2059	45.8338	48.0441	49.9789	49.9933	45.6726	41.6739	40.4109	41.679	45.681	50	50	50	50	50	50	50	50	50	50	50	50	50	50	50	50	50	50	50	50	50	50	50	50	50	50	50	50	50	50	50	50	50	50	50	50	50	50	50	50	50	50	50	50	50	50	50	50	50	50	50	50	50	49.9999	49.9999	49.9999	49.9999	49.9999	49.9999	49.9999	49.9999	49.9999	49.9999	49.9999	49.9999	49.9999	49.9999	49.9999	50	50	50	50	50	50	50	50	50	50	50	50	50	49.9995	49.9984	49.9975	49.9971	49.9974	49.9983	49.9994	49.9999	49.9998	49.9998	49.9999	49.9999	49.9999	50	50	50	50	50	50	50	50	50	50	50	50	50	50	50	50	50	46.3156	42.5535	40.0037	35.8384	33.4744	34.2388	
42.9408	45.7962	47.1956	49.0757	49.9788	49.9981	49.9954	49.9944	49.9954	49.9981	49.9999	49.9999	49.9999	50	50	50	50	50	50	50	50	50	50	50	50	50	50	50	50	50	50	50	50	50	50	50	50	50	50	50	50	50	50	50	50	50	50	50	50	50	50	50	50	50	50	50	50	50	50	50	50	50	50	50	49.9999	49.9999	49.9999	49.9999	49.9999	49.9999	49.9999	49.9999	49.9999	49.9999	49.9999	49.9999	49.9999	49.9999	49.9999	50	50	50	50	50	50	50	50	50	50	50	50	50	50	49.9995	49.999	49.9987	49.999	49.9995	49.9999	49.9999	49.9999	49.9999	50	50	50	50	50	50	50	50	50	50	50	50	50	50	50	50	50	50	50	50	48.2691	44.8864	42.5535	40.3138	38.3949	39.2349	
47.6222	47.9986	49.057	49.9577	49.982	49.9995	49.9996	49.9998	49.9999	49.9998	49.9999	49.9999	49.9999	49.9999	50	50	50	50	50	50	50	50	50	50	50	50	50	50	50	50	50	50	50	50	50	50	50	50	50	50	50	50	50	50	50	50	50	50	50	50	50	50	50	50	50	50	50	50	50	50	50	50	50	50	49.9999	49.9999	49.9999	49.9999	49.9999	49.9999	49.9999	49.9999	49.9999	49.9999	49.9999	49.9999	49.9999	49.9999	49.9999	50	50	50	50	50	50	50	50	50	50	50	50	50	50	50	50	50	50	50	50	50	50	50	50	50	50	50	50	50	50	50	50	50	50	50	50	50	50	50	50	50	50	50	50	48.2691	46.3156	45.6137	45.151	46.0236	
49.9583	49.9517	49.9577	49.9729	49.9912	49.9988	49.9989	49.999	49.9995	49.9997	49.9997	49.9998	49.9999	49.9999	50	50	50	50	50	50	50	50	50	50	50	50	50	50	50	50	50	50	50	50	50	50	50	50	50	50	50	50	50	50	50	50	50	50	50	50	50	50	50	50	50	50	50	50	50	50	50	45.3126	40.6251	39.0626	40.6249	45.3124	49.9999	49.9999	49.9999	49.9999	49.9999	50	49.9999	49.9999	49.9999	49.9999	49.9999	49.9999	49.9999	50	50	50	49.9999	49.9999	49.9999	49.9999	49.9999	50	50	50	50	50	50	50	50	50	50	50	50	50	50	50	50	50	50	50	50	50	50	50	50	50	50	50	50	50	50	50	50	50	50	50	50	50	50	50	49.9926	49.9744	
49.9828	49.9788	49.982	49.9912	49.9985	49.9982	49.9981	49.9982	49.9988	49.9995	49.9995	49.9996	49.9998	49.9999	50	50	50	50	50	50	50	50	50	50	50	50	50	50	50	50	50	50	50	50	50	50	50	50	50	50	50	50	50	50	50	50	50	50	50	50	50	50	50	50	50	50	50	50	50	50	45.3126	37.5001	32.8126	31.2501	32.8126	37.4999	45.3124	49.9999	49.9999	49.9999	50	50	50	49.9999	49.9999	49.9999	49.9999	49.9999	50	50	50	49.9999	49.9999	49.9999	49.9999	49.9999	49.9999	49.9999	50	50	50	50	50	50	50	50	50	50	50	50	50	50	50	50	50	50	50	50	50	50	50	50	50	50	50	50	50	50	50	50	50	50	50	50	50	50	50	49.9926	
50	50	49.9995	49.9988	49.9982	49.998	49.9977	49.9978	49.9985	49.9994	49.9994	49.9996	49.9998	49.9999	50	50	50	50	50	50	50	50	50	50	50	50	50	50	50	50	50	50	50	50	50	50	50	50	50	50	50	50	50	50	50	50	50	50	50	50	50	50	50	50	50	50	50	50	50	50	40.6251	32.8126	28.1252	26.5628	28.1252	32.8126	40.6251	50	50	50	50	50	50	50	50	50	50	50	50	50	50	49.9999	49.9999	49.9999	49.9999	49.9999	49.9999	49.9999	50	50	50	50	50	50	50	50	50	50	50	50	50	50	50	50	50	50	50	50	50	50	50	50	50	50	50	50	50	50	50	50	50	50	50	50	50	50	50	50	
50	50	49.9996	49.999	49.9985	49.9982	49.9981	49.9982	49.9988	49.9995	49.9995	49.9996	49.9998	49.9999	50	50	50	50	50	50	50	50	50	50	50	50	50	50	50	50	50	50	50	50	50	50	50	50	50	50	50	50	50	50	50	50	50	49.4225	48.6826	48.3925	48.6826	49.4225	50	50	50	50	50	50	50	50	39.0626	31.2501	26.5628	25.0005	26.5628	31.2501	39.0626	50	50	50	50	50	50	50	50	50	50	50	50	50	50	49.9999	49.9999	49.9999	49.9999	49.9999	49.9999	49.9999	50	50	50	50	50	50	50	50	50	50	50	50	50	50	50	50	50	50	50	50	50	50	50	50	50	50	50	50	50	50	50	50	50	50	50	50	50	50	50	50	
50	50	49.9998	49.9994	49.999	49.9988	49.9989	49.9991	49.9995	49.9997	49.9997	49.9998	49.9999	49.9999	50	50	50	50	50	50	50	50	50	50	50	50	50	50	50	50	50	50	50	50	50	50	50	50	50	50	50	50	50	50	50	50	49.4225	48.0776	46.9648	46.5307	46.9648	48.0776	49.4225	50	50	50	50	50	50	50	40.6251	32.8126	28.1252	26.5628	28.1252	32.8126	40.6251	50	50	50	50	50	50	50	50	50	50	50	50	50	50	49.9999	49.9999	49.9999	49.9999	49.9999	49.9999	49.9999	50	50	50	50	50	50	50	50	50	50	50	50	50	50	50	50	50	50	50	50	50	50	50	50	50	50	50	50	50	50	50	50	50	50	50	50	50	50	50	50	
50	50	50	49.9998	49.9996	49.9995	49.9996	49.9998	49.9999	49.9999	49.9999	49.9999	49.9999	49.9999	49.9999	49.9999	50	50	50	50	50	50	50	50	50	50	50	50	50	50	50	50	50	50	50	50	50	50	50	50	50	50	50	50	50	50	48.6826	46.9648	45.5547	45.0082	45.5547	46.9648	48.6826	50	50	50	50	50	50	50	45.3126	37.5001	32.8126	31.2501	32.8126	37.5001	45.3126	50	50	50	50	50	50	50	50	50	50	50	50	50	50	49.9999	49.9999	49.9999	49.9999	49.9999	49.9999	49.9999	50	50	50	50	50	50	50	50	50	50	50	50	50	50	50	50	50	50	50	50	50	50	50	50	50	50	50	50	50	50	50	50	50	50	50	50	50	50	50	50	
50	50	50	50	50	50	50	50	50	50	49.9999	49.9999	49.9999	49.9998	49.9998	49.9999	49.9999	49.9999	50	50	50	50	50	50	50	50	50	50	50	50	50	50	50	50	50	50	50	50	50	50	50	50	50	50	50	50	48.3925	46.5307	45.0082	44.4198	45.0082	46.5307	48.3925	50	50	50	50	50	50	50	50	45.3126	40.6251	39.0626	40.6251	45.3126	50	50	50	50	50	50	50	50	50	50	50	50	50	50	50	50	49.9999	49.9999	49.9999	49.9999	49.9999	50	50	50	50	50	50	50	50	50	50	50	50	50	50	50	50	50	50	50	50	50	50	50	50	50	50	50	50	50	50	50	50	50	50	50	50	50	50	50	50	50	
50	50	50	50	50	50	50	50	50	50	49.9999	49.9999	49.9998	49.9997	49.9997	49.9998	49.9999	49.9999	49.9999	50	50	50	50	50	50	50	50	50	50	50	50	50	50	50	50	50	50	50	50	50	50	50	50	50	50	50	48.6826	46.9648	45.5547	45.0082	45.5547	46.9648	48.6826	50	50	50	50	50	50	50	50	50	50	50	50	50	50	50	50	50	50	50	50	50	50	50	50	50	50	50	50	50	50	50	50	50	50	50	50	50	50	50	50	50	50	50	50	50	50	50	50	50	50	50	50	50	50	50	50	50	50	50	50	50	50	50	50	50	50	50	50	50	50	50	50	50	50	50	
50	50	50	50	50	50	50	50	50	50	49.9999	49.9998	49.9997	49.9997	49.9997	49.9997	49.9999	49.9999	49.9999	50	50	50	50	50	50	50	50	50	50	50	50	50	50	50	50	50	50	50	50	50	50	50	50	49.8101	49.5612	49.462	48.8338	47.666	46.9648	46.5307	46.9648	48.0776	49.4225	50	50	50	50	50	50	50	50	50	50	50	50	50	50	50	50	50	50	50	50	50	50	50	50	50	50	50	50	50	50	50	50	50	50	50	50	50	50	50	50	50	50	50	50	50	50	50	50	50	50	50	50	50	50	50	50	50	50	50	50	50	50	50	50	50	50	50	50	50	50	50	50	50	50	50	
50	50	50	50	50	50	50	50	50	50	49.9999	49.9999	49.9998	49.9997	49.9997	49.9998	49.9999	49.9999	49.9999	50	50	50	50	50	50	50	50	50	50	50	50	50	50	50	50	50	50	50	50	50	50	50	49.8101	49.3532	48.9597	48.8023	48.9597	48.5562	48.3415	48.3925	48.6826	49.4225	50	50	50	50	50	50	50	50	50	50	50	50	50	50	50	50	50	50	50	50	50	50	50	50	50	50	50	50	50	50	50	50	50	50	50	50	50	50	50	50	50	50	50	50	50	50	50	50	50	50	50	50	50	50	50	50	50	50	50	50	50	50	50	50	50	50	50	50	50	50	50	50	50	50	50	50	
50	50	50	50	50	50	50	50	50	50	49.9999	49.9999	49.9998	49.9998	49.9998	49.9998	49.9999	49.9999	49.9999	50	50	50	50	50	50	50	50	50	50	50	50	50	50	50	50	50	50	50	50	50	50	50	49.5612	48.9597	48.4404	48.2328	48.4404	48.9597	49.5612	50	50	50	50	50	50	50	50	50	50	50	50	50	50	50	50	50	50	50	50	50	50	50	50	50	50	50	50	50	50	50	50	50	50	50	50	50	50	50	50	50	50	50	50	50	50	50	50	50	50	50	50	50	50	50	50	50	50	50	50	50	50	50	50	50	50	50	50	50	50	50	50	50	50	50	50	50	50	50	
50	50	50	50	50	50	50	50	50	50	50	49.9999	49.9999	49.9999	49.9999	49.9999	49.9999	49.9999	49.9999	50	50	50	50	50	50	50	50	50	50	50	50	50	50	50	50	50	50	50	50	50	50	50	49.462	48.8023	48.2328	48.0052	48.2328	48.8023	49.462	50	50	50	50	50	50	50	50	50	50	50	50	50	50	50	50	50	50	50	50	50	50	50	50	50	50	50	50	50	50	50	50	50	50	50	50	50	50	50	50	50	50	50	50	50	50	50	50	50	50	50	50	50	50	50	50	50	50	50	50	50	50	50	50	50	50	50	50	50	50	50	50	50	50	50	50	50	50	50	
50	50	50	50	50	50	50	50	50	50	50	50	50	49.9999	49.9999	49.9999	49.9999	49.9999	50	50	50	50	50	50	50	50	50	50	50	50	50	50	50	50	50	50	50	50	50	50	50	50	49.5612	48.9597	48.4404	48.2328	48.4404	48.9597	49.5612	50	50	50	50	50	50	50	50	49.973	49.9429	49.8796	49.8259	49.8448	49.9067	49.9598	50	49.9873	49.9705	49.9637	49.9705	49.9873	50	50	50	50	50	50	50	50	50	50	50	50	50	50	50	50	50	50	50	50	50	50	50	50	50	50	50	50	50	50	50	50	50	50	50	50	50	50	50	50	50	50	50	50	50	50	50	50	50	50	50	50	50	50	50	50	50	50	
50	50	50	50	50	50	50	50	50	50	50	49.9999	49.9999	49.9999	49.9999	49.9999	50	50	50	50	50	50	50	50	50	50	50	50	50	50	50	50	50	50	50	50	50	50	50	50	50	50	49.8101	49.3532	48.9597	48.8023	48.9597	49.3532	49.8101	50	50	50	50	50	50	50	49.973	49.9208	49.8233	49.654	49.5463	49.5726	49.7231	49.862	49.9422	49.9563	49.9292	49.9182	49.9292	49.9563	49.9873	50	50	50	50	50	50	50	50	50	50	50	50	50	50	50	50	50	50	50	50	50	50	50	50	50	50	50	50	50	50	50	50	50	50	50	50	50	50	50	50	50	50	50	50	50	50	50	50	50	50	50	50	50	50	50	50	50	
50	50	50	50	50	50	50	50	50	50	49.9999	49.9999	49.9999	49.9999	49.9999	49.9999	49.9999	50	50	50	50	49.9999	49.9999	49.9999	49.9999	49.9999	50	50	50	50	50	50	50	50	50	50	50	50	50	50	50	50	50	49.8101	49.5612	49.462	49.5612	49.8101	50	50	50	50	50	50	50	50	49.9429	49.8844	49.6849	49.4355	49.2723	49.3047	49.5202	49.7767	49.8502	49.9292	49.8927	49.878	49.8927	49.9292	49.9705	50	50	50	50	50	50	50	50	50	50	50	50	50	50	50	50	50	50	50	50	50	50	50	50	50	50	50	50	50	50	50	50	50	50	50	50	50	50	50	50	50	50	50	50	50	50	50	50	50	50	50	50	50	50	50	50	50	
50	50	50	50	50	50	50	50	50	50	49.9999	49.9999	49.9999	49.9999	49.9999	49.9999	49.9999	49.9999	50	50	49.9999	49.9999	49.9999	49.9999	49.9999	49.9999	49.9999	50	50	50	50	50	50	50	50	50	50	50	50	50	50	50	50	50	50	50	50	50	50	50	50	50	50	50	50	50	49.932	49.8713	49.6265	49.3424	49.155	49.1898	49.4332	49.7422	49.8081	49.9182	49.878	49.8616	49.878	49.9182	49.9637	50	50	50	50	50	50	50	50	50	50	50	50	50	50	50	50	50	50	50	50	50	50	50	50	50	50	50	50	50	50	50	50	50	50	50	50	50	50	50	50	50	50	50	50	50	50	50	50	50	50	50	50	50	50	50	50	50	
50	50	50	50	50	50	50	50	50	50	49.9999	49.9999	49.9999	49.9999	49.9999	49.9999	49.9999	49.9999	50	50	49.9999	49.9999	49.9999	49.9999	49.9999	49.9999	49.9999	50	50	50	50	50	50	50	50	50	50	50	50	50	50	50	50	50	50	50	50	50	50	50	50	50	50	50	50	50	49.9429	49.8844	49.6849	49.4355	49.2723	49.3047	49.5202	49.7767	49.8502	49.9292	49.8927	49.878	49.8927	49.9292	49.9705	50	50	50	50	50	50	50	50	50	50	50	50	50	50	50	50	50	50	50	50	50	50	50	50	50	50	50	50	50	50	50	50	50	50	50	50	50	50	50	50	50	50	50	50	50	50	50	50	50	50	50	50	50	50	50	50	50	
50	50	50	50	50	50	50	50	50	50	49.9999	49.9999	49.9999	49.9999	49.9999	49.9999	49.9999	49.9999	50	50	49.9999	49.9999	49.9999	49.9999	49.9999	49.9999	49.9999	50	50	50	50	50	50	50	50	50	50	50	50	50	50	50	50	50	50	50	50	50	50	50	50	50	50	50	50	50	49.973	49.9208	49.8233	49.6392	49.5006	49.5167	49.6891	49.8526	49.9422	49.9563	49.9292	49.9182	49.9292	49.9563	49.9873	50	50	50	50	50	50	50	50	50	50	50	50	50	50	50	50	50	50	50	50	50	50	50	50	50	50	50	50	50	50	50	50	50	50	50	50	50	50	50	50	50	50	50	50	50	50	50	50	50	50	50	50	50	50	50	50	50	
50	50	50	50	50	50	50	50	50	50	49.9999	49.9999	49.9999	49.9999	49.9999	49.9999	49.9999	49.9999	50	50	49.9999	49.9999	49.9999	49.9999	49.9999	49.9999	49.9999	50	50	50	50	50	50	50	50	50	50	48.0874	45.7596	44.8833	45.7596	48.0874	50	50	50	50	50	50	50	50	50	50	50	50	50	50	50	49.973	49.9379	49.8551	49.773	49.7841	49.8646	49.9409	49.996	49.9873	49.9705	49.9637	49.9705	49.9873	50	50	50	50	50	50	50	50	50	50	50	50	50	50	50	50	50	50	50	50	50	50	50	50	50	50	50	50	50	50	50	50	50	50	50	50	50	50	50	50	50	50	50	50	50	50	50	50	50	50	50	50	50	50	50	50	50	50	
50	50	50	50	50	50	50	50	50	50	50	49.9999	49.9999	49.9999	49.9999	49.9999	49.9999	49.9999	50	50	49.9999	49.9999	49.9999	49.9999	49.9999	49.9999	49.9999	50	50	50	50	50	50	50	50	50	48.0874	43.9548	40.8524	39.7141	40.8524	43.9548	48.0874	50	50	50	50	50	50	50	50	50	50	50	50	50	50	50	49.9908	49.978	49.9668	49.9622	49.9668	49.978	49.9908	49.9996	49.9991	49.9989	49.9991	49.9996	50	50	50	50	50	50	50	50	50	50	50	50	50	50	50	50	50	50	50	50	50	50	50	50	50	50	50	50	50	50	50	50	50	50	50	50	50	50	50	50	50	50	50	50	50	50	50	50	50	50	50	50	50	50	50	50	50	50	
50	50	50	50	50	50	50	50	50	50	50	50	49.9999	49.9999	49.9999	49.9999	49.9999	50	50	50	50	49.9999	49.9999	49.9999	49.9999	49.9999	50	50	50	50	50	50	50	50	50	50	45.7596	40.8524	37.2904	36.0106	37.2904	40.8524	45.7596	50	50	50	50	50	50	50	50	50	50	50	50	50	50	50	49.9887	49.9746	49.9622	49.9572	49.9622	49.9746	49.9875	49.9982	49.9971	49.9968	49.9975	49.9986	49.9996	50	50	50	50	50	50	50	50	50	50	50	50	50	50	50	50	50	50	50	50	50	50	50	50	50	50	50	50	50	50	50	50	50	50	50	50	50	50	50	50	50	50	50	50	50	50	50	50	50	50	50	50	50	50	50	50	50	
50	50	50	50	50	50	50	50	50	50	50	50	50	49.9999	49.9999	49.9999	49.9999	49.9999	50	50	50	50	50	50	50	50	50	50	50	50	50	50	50	50	50	50	44.8833	36.1287	28.8054	26.3722	28.8054	36.1287	44.8833	50	50	50	50	50	50	50	50	50	50	50	50	50	50	49.9999	49.9907	49.9777	49.9664	49.9621	49.9668	49.9776	49.988	49.9967	49.9951	49.9947	49.9957	49.9975	49.9991	50	50	50	50	50	50	50	50	50	50	50	50	50	50	50	50	50	50	50	50	50	50	50	50	50	50	50	50	50	50	50	50	50	50	50	50	50	50	50	50	50	50	50	50	50	50	50	50	50	50	50	50	50	50	50	50	50	
50	50	50	50	50	50	50	50	50	50	50	50	49.9999	49.9999	49.9999	49.9999	49.9999	49.9999	49.9999	50	50	50	50	50	50	50	50	50	50	50	50	50	41.7876	34.5961	32.4193	34.5961	34.983	31.3044	24.3196	22.0791	24.3196	31.3044	42.4447	50	50	50	50	50	50	50	50	50	50	50	50	50	49.9999	49.9999	49.9958	49.9859	49.9774	49.9742	49.9779	49.9857	49.9933	49.9959	49.9941	49.9936	49.9947	49.9968	49.9989	50	50	50	50	50	50	50	50	50	50	50	50	50	50	50	50	50	50	50	50	50	50	50	50	50	50	50	50	50	50	50	50	50	50	50	50	50	50	50	50	50	50	50	50	50	50	50	50	50	50	50	50	50	50	50	50	50	
50	50	50	50	50	50	50	50	50	50	50	50	49.9999	49.9999	49.9999	49.9999	49.9999	49.9999	49.9999	50	50	50	50	50	50	50	50	50	50	50	50	41.7876	30.3494	24.7558	23.0874	24.7558	24.2787	25.0757	24.3872	22.2349	24.3872	31.0482	41.6276	50	50	50	50	50	50	50	50	50	50	50	50	50	49.9999	49.9998	49.9997	49.9956	49.9903	49.9883	49.9906	49.9939	49.9944	49.9898	49.988	49.9911	49.9951	49.9971	49.9991	50	50	50	50	50	50	50	50	50	50	50	50	50	50	50	50	50	50	50	50	50	50	50	50	50	50	50	50	50	50	50	50	50	50	50	50	50	50	50	50	50	50	50	50	50	50	50	50	50	50	50	50	50	50	50	50	50	
50	50	50	50	50	50	50	50	50	50	50	50	49.9999	49.9999	49.9999	49.9999	49.9999	49.9999	49.9999	50	50	50	50	50	50	50	50	50	50	50	50	34.5961	24.7558	20.0263	18.6271	20.0263	20.2114	22.7078	28.3817	26.2714	28.3817	34.6583	42.7686	50	50	50	50	50	50	50	50	50	50	49.9999	49.9999	49.9999	49.9999	49.9998	49.9997	49.9996	49.9996	49.9996	49.9985	49.9954	49.991	49.9856	49.9836	49.9876	49.9944	49.9982	49.9996	50	50	50	50	50	50	50	50	50	50	50	50	50	50	50	50	50	50	50	50	50	50	50	50	50	50	50	50	50	50	50	50	50	50	50	50	50	50	50	50	50	50	50	50	50	50	50	50	50	50	50	50	50	50	50	50	50	
50	50	50	50	50	50	50	50	50	50	50	50	49.9999	49.9999	49.9999	49.9999	49.9999	49.9999	49.9999	50	50	50	50	50	50	50	50	50	50	50	50	32.4193	23.0874	18.6271	17.3111	18.6271	19.4012	23.6134	34.7537	33.5846	34.7537	38.243	43.8634	50	50	50	50	50	50	50	50	50	49.9999	49.9999	49.9999	49.9999	49.9999	49.9998	49.9997	49.9996	49.9994	49.9994	49.9967	49.993	49.9892	49.9855	49.9844	49.9883	49.9947	49.9994	49.9999	50	50	50	50	50	50	50	50	50	50	50	50	50	50	50	50	50	50	50	50	50	50	50	50	50	50	50	50	50	50	50	50	50	50	50	50	50	50	50	50	50	50	50	50	50	50	50	50	50	50	50	50	50	50	50	50	50	
50	50	50	50	50	50	50	50	50	50	50	50	49.9999	49.9999	49.9999	49.9999	49.9999	49.9999	49.9999	50	50	50	50	50	50	50	50	50	50	50	50	34.5961	24.7558	20.0263	18.6271	20.0263	22.8376	27.9658	38.243	37.0853	38.243	41.6572	47.0323	50	50	50	50	50	50	50	50	50	49.9999	49.9999	49.9999	49.9999	49.9999	49.9999	49.9998	49.9996	49.9994	49.9991	49.9951	49.9908	49.9869	49.9861	49.9884	49.992	49.9964	49.9999	49.9999	50	50	50	50	50	50	50	50	50	50	50	50	50	50	50	50	50	50	50	50	50	50	50	50	50	50	50	50	50	50	50	50	50	50	50	50	50	50	50	50	50	50	50	50	50	50	50	50	50	50	50	50	50	50	50	50	50	
50	50	50	50	50	50	50	50	50	50	50	50	49.9999	49.9999	49.9999	49.9999	49.9999	49.9999	49.9999	50	50	50	50	50	50	50	50	50	50	50	50	41.7876	30.3494	24.7558	23.0874	24.7558	30.3494	39.0912	43.8634	42.7686	43.8634	47.0323	50	50	50	50	50	50	50	50	50	50	49.9999	49.9999	49.9999	49.9999	49.9999	49.9999	49.9999	49.9997	49.9993	49.9988	49.995	49.99	49.9864	49.9871	49.9903	49.9937	49.9972	49.9999	49.9999	50	50	50	50	50	50	50	50	50	50	50	50	50	50	50	50	50	50	50	50	50	50	50	50	50	50	50	50	50	50	50	50	50	50	50	50	50	50	50	50	50	50	50	50	50	50	50	50	50	50	50	50	50	50	50	50	50	
50	50	50	50	50	50	50	50	50	50	50	50	49.9999	49.9999	49.9999	49.9999	49.9999	49.9999	49.9999	50	50	50	50	50	50	50	50	50	50	50	50	50	41.7876	34.5961	32.4193	34.5961	41.7876	50	50	50	50	50	50	50	50	50	50	50	50	50	50	50	49.9999	49.9999	49.9999	49.9999	49.9999	49.9999	49.9999	49.9999	49.9994	49.9987	49.9965	49.9924	49.9896	49.9903	49.993	49.996	49.9987	49.9999	49.9999	50	50	50	50	50	50	50	50	50	50	50	50	50	50	50	50	50	50	50	50	50	50	50	50	50	50	50	50	50	50	50	50	50	50	50	50	50	50	50	50	50	50	50	50	50	50	50	50	50	50	50	50	50	50	50	50	50	
50	50	50	50	50	50	50	50	50	50	50	50	50	49.9999	49.9999	49.9999	49.9999	49.9999	50	50	50	50	50	50	50	50	50	50	50	50	50	50	50	50	50	50	50	50	50	50	50	50	50	50	50	50	50	50	50	50	50	50	49.9999	49.9999	49.9999	49.9999	49.9999	49.9999	49.9999	49.9999	49.9995	49.9989	49.9984	49.9967	49.9951	49.9953	49.9968	49.9988	49.9999	49.9999	49.9999	50	50	50	50	50	50	50	50	50	50	50	50	50	50	50	50	50	50	50	50	50	50	50	50	50	50	50	50	50	50	50	50	50	50	50	50	50	50	50	50	50	50	50	50	50	50	50	50	50	50	50	50	50	50	50	50	50	
50	50	50	50	50	50	50	50	50	50	50	50	50	50	50	50	50	50	50	50	50	50	50	50	50	50	50	50	50	50	50	50	50	50	50	50	50	50	50	50	50	50	50	50	50	50	50	50	50	50	50	50	50	49.9999	49.9999	49.9999	49.9999	49.9999	49.9999	49.9999	49.9997	49.9993	49.9989	49.9989	49.9992	49.9995	49.9997	49.9999	49.9999	49.9999	49.9999	50	50	50	50	50	50	50	50	50	50	50	50	50	50	50	50	50	50	50	50	50	50	50	50	50	50	50	50	50	50	50	50	50	50	50	50	50	50	50	50	50	50	50	50	50	50	50	50	50	50	50	50	50	50	50	50	50	
50	50	50	50	50	50	50	50	50	50	50	50	50	50	50	50	50	50	50	50	50	50	50	50	50	50	50	50	50	50	50	50	50	50	50	50	50	50	50	50	50	50	50	50	50	50	50	50	50	50	50	50	50	50	50	50	50	50	50	49.9999	49.9999	49.9997	49.9995	49.9995	49.9995	49.9997	49.9999	49.9999	49.9999	49.9999	50	50	50	50	50	50	50	50	50	50	50	50	50	50	50	50	50	50	50	50	50	50	50	50	50	50	50	50	50	50	50	50	50	50	50	50	50	50	50	50	50	50	50	50	50	50	50	50	50	50	50	50	50	50	50	50	50	50	
50	50	50	50	50	50	50	50	50	50	50	50	50	50	50	50	50	50	50	50	50	50	50	50	50	50	50	50	50	50	50	50	50	50	50	50	50	50	50	50	50	50	50	50	50	50	50	50	50	50	50	50	50	50	50	50	50	50	50	50	50	49.9999	49.9998	49.9998	49.9998	49.9999	50	50	50	50	50	50	50	50	50	50	50	50	50	50	50	50	50	50	50	50	50	50	50	50	50	50	50	50	50	50	50	50	50	50	50	50	50	50	50	50	50	50	50	50	50	50	50	50	50	50	50	50	50	50	50	50	50	50	50	50	50	50	
50	50	50	50	50	50	50	50	50	50	50	50	50	50	50	50	50	50	50	50	50	50	50	50	50	50	50	50	50	50	50	50	50	50	50	50	50	50	50	50	50	50	50	50	50	50	50	50	50	50	50	50	50	50	50	50	50	50	50	50	50	50	50	50	50	50	50	50	50	50	50	50	49.9601	49.9074	49.8861	49.9074	49.9601	50	50	50	50	50	50	50	50	50	50	50	50	50	50	50	50	50	50	50	50	50	50	50	50	50	50	50	50	50	50	50	50	50	50	50	50	50	50	50	50	50	50	50	50	50	50	50	50	50	50	50	
50	50	50	50	50	50	50	50	50	50	50	50	50	50	50	50	50	50	50	50	50	50	50	50	50	50	50	50	50	50	50	50	50	50	50	50	50	50	50	50	50	50	50	50	50	50	50	50	50	50	50	50	50	50	50	50	50	50	50	50	50	50	50	50	50	50	50	50	50	50	50	49.9601	49.8628	49.7772	49.7426	49.7772	49.8628	49.9601	50	50	50	50	50	50	50	50	50	50	50	50	50	50	50	50	50	50	50	50	50	50	50	50	50	50	50	50	50	50	50	50	50	50	50	50	50	50	50	50	50	50	50	50	50	50	50	50	50	50	
50	50	50	50	50	50	50	50	50	50	50	50	50	50	50	50	50	50	50	50	50	50	50	50	50	50	50	50	50	50	50	50	50	50	50	50	50	50	50	50	50	50	50	50	50	50	50	50	50	50	50	50	50	50	50	50	50	49.9999	49.9999	49.9999	49.9999	49.9999	50	50	50	50	50	50	50	50	50	49.9074	49.7772	49.6621	49.6154	49.6621	49.7772	49.9074	50	50	50	50	50	50	50	50	50	50	50	50	50	50	50	50	50	50	50	50	50	50	50	50	50	50	50	50	50	50	50	50	50	50	50	50	50	50	50	50	50	50	50	50	50	50	50	50	50	50	
50	50	50	50	50	50	50	50	50	50	50	50	50	50	50	50	50	50	50	50	50	50	50	50	50	50	50	50	50	50	50	50	50	50	50	50	50	50	50	50	50	50	50	50	50	50	50	50	50	50	50	50	50	50	50	50	49.9999	49.9999	49.9999	49.9999	49.9999	49.9999	49.9999	50	50	50	50	50	50	50	50	49.8861	49.7426	49.6154	49.5637	49.6154	49.7426	49.8861	50	50	50	50	50	50	50	50	50	50	50	50	50	50	50	50	50	50	50	50	50	50	50	50	50	50	50	50	50	50	50	50	50	50	50	50	50	50	50	50	50	50	50	50	50	50	50	50	50	50	
50	50	50	50	50	50	50	50	50	50	50	50	50	50	50	50	50	50	50	50	50	50	50	50	50	50	50	50	50	50	50	50	50	50	50	50	50	50	50	50	50	50	50	50	50	50	50	50	50	50	50	50	50	50	50	50	49.9999	49.9999	49.9999	49.9999	49.9999	49.9999	49.9999	50	50	50	50	50	50	50	50	49.9074	49.7772	49.6621	49.6154	49.6621	49.7772	49.9074	50	50	50	50	50	50	50	50	50	50	50	50	50	50	50	50	50	50	50	50	50	50	50	50	50	50	50	50	50	50	50	50	50	50	50	50	50	50	50	50	50	50	50	50	50	50	50	50	50	50	
50	50	50	50	50	50	50	50	50	50	50	50	50	50	50	50	50	50	50	50	50	50	50	50	50	50	50	50	50	50	50	50	50	50	50	50	50	50	50	50	50	50	50	50	50	50	50	50	50	50	50	50	50	50	50	50	49.9999	49.9999	49.9999	49.9999	49.9999	49.9999	49.9999	50	50	50	50	50	50	50	50	49.9601	49.8628	49.7772	49.7426	49.7772	49.8628	49.9601	50	50	50	50	50	50	50	50	50	50	50	50	50	50	50	50	50	50	50	50	50	50	50	50	50	50	50	50	50	50	50	50	50	50	50	50	45.3126	40.6251	39.0626	40.6251	45.3126	50	50	50	50	50	50	50	50	50	
50	50	50	50	50	50	50	50	50	50	50	50	50	50	50	50	50	50	50	50	50	50	50	50	50	50	50	50	50	50	50	50	50	50	50	50	50	50	50	50	50	50	50	50	50	50	50	50	50	50	50	50	50	50	50	50	49.8756	49.712	49.6466	49.712	49.8756	49.9999	49.9999	50	50	50	50	50	50	50	50	50	49.9601	49.9074	49.8861	49.9074	49.9601	50	50	50	49.9961	49.991	49.9889	49.991	49.9961	50	50	50	50	50	50	50	50	50	50	50	50	50	50	50	50	50	50	50	50	50	50	50	50	50	50	50	50	45.3126	37.5001	32.8126	31.2501	32.8126	37.5001	45.3126	50	50	50	50	50	50	50	50	
50	50	50	50	50	50	50	50	50	50	50	50	50	50	50	50	50	50	50	50	50	50	50	50	50	50	50	50	50	50	50	50	50	50	50	50	50	50	50	50	50	50	50	50	50	50	50	50	50	50	50	50	50	50	50	49.8756	49.5749	49.3143	49.2097	49.3143	49.5749	49.8756	49.9999	50	50	50	50	50	50	50	50	50	50	50	50	50	50	50	50	49.9961	49.9866	49.9781	49.9747	49.9781	49.9866	49.9961	50	50	50	50	50	50	50	50	50	50	50	50	50	50	50	50	50	50	50	50	50	50	50	50	50	50	50	40.6251	32.8126	28.1252	26.5628	28.1252	32.8126	40.6251	50	50	50	50	50	50	50	50	
50	50	50	50	50	50	50	50	50	50	50	50	50	50	50	50	50	50	50	50	50	50	50	50	50	50	50	50	50	50	50	50	50	50	50	50	50	50	50	50	50	50	50	50	50	50	50	50	50	50	50	50	50	50	50	49.712	49.3143	48.9683	48.8292	48.9683	49.3143	49.712	50	50	50	50	50	50	50	50	50	50	50	50	50	50	49.9876	49.9713	49.9647	49.9537	49.9572	49.9667	49.962	49.9667	49.9781	49.991	50	50	50	50	49.9995	49.999	49.9988	49.999	49.9995	50	50	50	50	50	50	50	50	50	50	50	50	50	50	50	50	50	50	39.0626	31.2501	26.5628	25.0005	26.5628	31.2501	39.0626	50	50	50	50	50	50	50	50	
50	50	50	50	50	50	50	50	50	50	50	50	50	50	50	50	50	50	50	50	50	50	50	50	50	50	50	50	50	50	50	50	50	50	50	50	45.3126	40.6251	39.0626	40.6251	45.3126	50	50	50	50	50	50	50	50	50	50	50	50	50	50	49.6466	49.2097	48.8292	48.6763	48.8292	49.2097	49.6466	50	50	50	50	50	50	50	50	50	50	50	50	50	49.9876	49.9574	49.9308	49.92	49.8932	49.8962	49.9348	49.9568	49.962	49.9747	49.9889	50	50	50	49.9995	49.9986	49.9978	49.9962	49.9949	49.9954	49.9975	49.9993	50	50	50	50	50	50	50	50	50	50	50	50	50	50	50	50	40.6251	32.8126	28.1252	26.5628	28.1252	32.8126	40.6251	50	50	50	50	50	50	50	50	
50	50	50	50	50	50	50	50	50	50	50	50	50	50	50	50	50	50	50	50	50	50	50	50	50	50	50	50	50	50	50	50	50	50	50	45.3126	37.5001	32.8126	31.2501	32.8126	37.5001	45.3126	50	50	50	50	50	50	50	50	50	50	50	50	50	49.712	49.3143	48.9683	48.8292	48.9683	49.3143	49.712	50	50	50	50	50	50	50	50	50	50	50	50	50	49.9713	49.9308	49.8948	49.8802	49.8522	49.857	49.9067	49.962	49.9667	49.9781	49.991	50	50	50	49.999	49.9978	49.9954	49.9916	49.9891	49.9898	49.9933	49.9974	49.9993	50	50	50	50	50	50	50	50	50	50	50	50	50	50	50	45.3126	37.5001	32.8126	31.2501	32.8126	37.5001	45.3126	50	50	50	50	50	50	50	50	
50	50	50	50	50	50	50	50	50	50	50	50	50	50	50	50	50	50	50	50	50	50	50	50	50	50	50	50	50	50	50	50	50	50	50	40.6251	32.8126	28.1252	26.5628	28.1252	32.8126	40.6251	50	50	50	50	50	50	50	50	50	50	50	50	50	49.8756	49.5749	49.3143	49.2097	49.3143	49.5749	49.8756	50	50	50	50	50	50	50	50	50	50	50	50	50	49.9647	49.92	49.8802	49.864	49.8597	49.8693	49.9173	49.9747	49.9781	49.9866	49.9961	50	50	50	49.9988	49.9974	49.9931	49.9877	49.9841	49.9849	49.9897	49.9956	49.9984	50	50	50	50	50	50	50	50	50	50	50	50	50	50	50	50	45.3126	40.6251	39.0626	40.6251	45.3126	50	50	50	50	50	50	50	50	50	
50	50	50	50	50	50	50	50	50	50	50	50	50	50	50	50	50	50	50	50	50	50	50	50	50	50	50	50	50	50	50	50	50	50	50	39.0626	31.2501	26.5628	25.0005	26.5628	31.2501	39.0626	50	50	50	50	50	50	50	50	50	50	50	50	50	50	49.8756	49.712	49.6466	49.712	49.8756	50	50	50	50	50	50	50	50	50	50	50	50	50	50	49.9713	49.9308	49.8948	49.8802	49.8948	49.9176	49.9537	49.9889	49.991	49.9961	50	50	50	50	49.999	49.9976	49.9927	49.9869	49.983	49.9838	49.989	49.9949	49.998	50	50	50	50	50	50	50	50	50	50	50	50	50	50	50	50	50	50	50	50	50	50	50	50	50	50	50	50	50	50	
50	50	50	50	50	50	50	50	50	50	50	50	50	50	50	50	50	50	50	50	50	50	50	50	50	50	50	50	50	50	50	50	50	50	50	40.6251	32.8126	28.1252	26.5628	28.1252	32.8126	40.6251	50	50	50	50	50	50	50	50	50	50	50	50	50	50	50	50	50	50	49.5961	49.0704	48.8618	49.0704	49.5961	50	50	50	50	50	50	50	50	50	50	49.9876	49.9574	49.9308	49.92	49.9308	49.9574	49.9876	50	50	50	50	50	50	50	49.9995	49.9983	49.9946	49.9899	49.9868	49.9875	49.9917	49.9956	49.9984	50	50	50	50	50	50	50	50	50	50	50	50	50	50	50	50	50	50	50	50	50	50	50	50	50	50	50	50	50	50	
50	50	50	50	50	50	50	50	50	50	50	50	50	50	50	50	50	50	50	50	50	50	50	50	50	50	50	50	50	50	50	50	50	50	50	45.3126	37.5001	32.8126	31.2501	32.8126	37.5001	45.3126	50	50	50	50	50	50	50	50	50	50	50	50	50	50	50	50	50	49.5961	48.634	47.8169	47.4933	47.8169	48.634	49.5961	50	50	50	50	50	50	50	50	50	50	49.9876	49.9713	49.9647	49.9713	49.9876	50	50	50	50	50	50	50	50	50	49.9993	49.9974	49.9941	49.9922	49.9931	49.9955	49.9974	49.9993	50	50	50	50	50	50	50	50	50	50	50	50	50	50	50	50	50	50	50	50	50	50	50	50	50	50	50	50	50	50	
50	50	50	50	50	50	50	50	50	50	50	50	50	50	50	50	50	50	50	50	50	50	50	50	50	50	50	50	50	50	50	50	50	50	50	50	45.3126	40.6251	39.0626	40.6251	45.3126	50	50	50	50	50	50	50	50	50	50	50	50	50	50	50	50	50	50	49.0704	47.8169	46.7562	46.3379	46.7562	47.8169	49.0704	50	50	50	50	50	50	50	50	50	50	50	50	50	50	50	50	50	50	50	50	50	50	50	49.9999	49.9997	49.9995	49.9984	49.9972	49.9971	49.9981	49.9993	50	50	50	50	50	50	50	50	50	50	50	50	50	50	50	50	50	50	50	50	50	50	50	50	50	50	50	50	50	50	50	
50	50	50	50	50	50	50	50	50	50	50	50	50	50	50	50	50	50	50	50	50	50	50	50	50	50	50	50	50	50	50	50	50	50	50	50	50	50	50	50	50	50	50	50	50	50	50	50	50	50	50	50	50	50	50	50	50	50	50	48.8618	47.4933	46.3379	45.8831	46.3379	47.4933	48.8618	50	50	50	50	50	50	50	50	50	50	50	50	50	50	50	50	50	50	50	50	50	50	50	49.9998	49.9996	49.9994	49.9993	49.9994	49.9996	49.9998	50	50	50	50	50	50	50	50	50	50	50	50	50	50	50	50	50	50	50	50	50	50	50	50	50	50	50	50	50	50	50	50	
50	50	50	50	50	50	50	50	50	50	50	50	50	50	50	50	50	50	50	50	50	50	50	50	50	50	50	50	50	50	50	50	50	50	50	50	50	50	50	50	50	50	50	50	50	50	50	50	50	50	50	50	50	50	47.029	43.714	42.538	43.714	47.029	49.0704	47.8169	46.7562	46.3379	46.7562	47.8169	49.0704	50	50	50	50	50	50	50	50	50	50	50	50	50	50	49.9999	49.9999	49.9999	49.9999	49.9999	50	50	50	50	49.9998	49.9995	49.9993	49.9992	49.9993	49.9995	49.9998	50	50	50	50	50	50	50	50	50	50	50	50	50	50	50	50	50	50	50	50	50	50	50	50	50	50	50	50	50	50	50	50	
50	50	50	50	50	50	50	50	50	50	50	50	50	50	50	50	50	50	50	50	50	50	50	50	50	50	50	50	50	50	50	50	50	50	50	50	50	50	50	50	50	50	50	50	50	50	50	50	50	50	50	50	50	47.029	41.3296	37.5363	36.2263	37.5363	41.3296	46.5578	48.634	47.8169	47.4933	47.8169	48.634	49.5961	50	50	50	50	50	50	50	50	50	50	50	50	50	49.9999	49.9999	49.9999	49.9999	49.9999	49.9999	49.9999	50	49.9998	49.9995	49.999	49.9987	49.9989	49.9993	49.9994	49.9996	49.9998	50	50	50	50	50	50	50	50	50	50	50	50	50	50	50	50	50	50	50	50	50	50	50	50	50	50	50	50	50	50	50	50	
50	50	50	50	50	50	50	50	50	50	50	50	50	50	50	50	50	50	50	50	50	50	50	50	50	50	50	50	50	50	50	50	50	50	50	50	50	50	50	50	50	50	50	50	50	50	50	50	50	50	50	50	50	43.714	37.5363	33.5604	32.2128	33.5604	37.5363	43.714	49.5961	49.0704	48.8618	49.0704	49.5961	50	50	50	50	50	50	50	50	50	50	50	50	50	50	49.9999	49.9999	49.9999	49.9999	49.9999	49.9999	49.9999	49.9998	49.9992	49.9988	49.9983	49.9979	49.9983	49.9991	49.9996	49.9997	49.9999	50	50	50	50	50	50	50	50	50	50	50	50	50	50	50	50	50	50	50	50	50	50	50	50	50	50	50	50	50	50	50	50	
50	50	50	50	50	50	50	50	50	50	50	50	50	50	50	50	50	50	50	50	50	50	50	50	50	50	50	50	50	50	50	50	50	50	50	50	50	50	50	50	50	50	50	50	50	50	50	50	50	50	50	50	50	42.538	36.2263	32.2128	28.7893	27.7994	31.0748	38.6887	48.72	50	50	50	50	50	50	50	50	50	50	50	50	50	50	50	50	50	49.9999	49.9999	49.9999	49.9999	49.9999	49.9999	49.9999	49.9999	49.9995	49.9988	49.9981	49.9978	49.9978	49.9982	49.9991	49.9998	49.9999	50	50	50	50	50	50	50	50	50	50	50	50	50	50	50	50	50	50	50	50	50	50	50	50	50	50	50	50	50	50	50	50	50	
50	50	50	50	50	50	50	50	50	50	50	50	50	50	50	50	50	50	50	50	50	50	50	50	50	50	50	50	50	50	50	50	50	50	50	50	50	50	50	50	50	50	50	50	50	50	50	50	50	50	50	50	50	43.714	37.5363	31.5149	26.0841	24.6515	27.7406	35.7162	45.8485	48.72	50	50	50	50	50	50	50	50	50	50	50	50	50	50	50	50	49.9999	49.9999	49.9999	49.9999	49.9999	49.9999	49.9999	49.9999	49.9994	49.9986	49.9978	49.9976	49.9978	49.9986	49.9994	50	50	50	50	50	50	50	50	50	50	50	50	50	50	50	50	50	50	50	50	50	50	50	50	50	50	50	50	50	50	50	50	50	50	50	
50	50	50	50	50	50	50	50	50	50	50	50	50	50	50	50	50	50	50	50	50	50	50	50	50	50	50	50	50	50	50	50	50	50	50	50	50	50	50	50	50	50	50	50	50	50	50	50	50	50	50	50	50	47.029	41.3296	33.2955	27.3652	25.652	28.7075	36.8291	43.5888	47.1211	50	50	50	50	50	50	50	50	50	50	50	50	50	50	50	50	49.9999	49.9999	49.9999	49.9999	49.9999	49.9999	49.9999	49.9999	49.9995	49.9988	49.9981	49.9978	49.9981	49.9988	49.9995	49.9999	49.9999	49.9999	50	50	50	50	50	50	50	50	50	50	50	50	50	50	50	50	50	50	50	50	50	50	50	50	50	50	50	50	50	50	50	50	
50	50	50	50	50	50	50	50	50	50	50	50	50	50	50	50	50	50	50	50	50	50	50	50	50	50	50	50	50	50	50	50	50	50	50	50	50	50	50	50	50	50	50	50	50	50	50	50	50	50	50	50	50	50	47.029	39.2226	33.333	31.527	34.6363	39.8629	42.7355	46.5069	50	50	50	50	50	50	50	50	50	50	50	47.7079	45.5054	44.7907	45.5054	47.7079	49.9999	49.9999	49.9999	49.9999	49.9999	49.9999	49.9999	50	49.9998	49.9992	49.9988	49.9986	49.9988	49.9992	49.9998	49.9999	49.9999	49.9999	49.9999	50	50	50	50	50	50	50	50	50	50	50	50	50	50	50	50	50	50	50	50	50	50	50	50	50	50	50	50	50	50	50	
50	50	50	50	50	50	50	50	50	50	50	50	50	50	50	50	50	50	50	50	50	50	50	50	50	50	50	50	50	50	50	50	50	50	50	50	50	50	50	50	50	50	50	50	50	50	50	50	50	50	50	50	50	50	50	47.1211	43.5888	40.8727	39.8629	40.8727	43.5888	47.1211	50	50	50	50	50	50	50	50	50	50	47.7079	44.0856	42.0265	41.3586	42.0265	44.0856	47.7078	49.9999	49.9999	49.9999	49.9999	49.9999	49.9999	50	50	49.9998	49.9995	49.9994	49.9995	49.9998	49.9999	49.9999	49.9999	49.9999	49.9999	50	50	50	50	50	50	50	50	50	50	50	50	50	50	50	50	50	50	50	50	50	50	50	50	50	50	50	50	50	50	50	

